0 0.903335 0.335096 0.028304 0.477885
1 0.911376 0.705769 0.016082 0.259615
1 0.894651 0.706731 0.016082 0.257692
0 0.904300 0.885096 0.032807 0.095192
0 0.868276 0.519712 0.030234 0.837500
0 0.836112 0.520673 0.030234 0.825962
0 0.804913 0.518750 0.032164 0.835577
0 0.771141 0.519231 0.030234 0.834615
0 0.735761 0.520673 0.031521 0.839423
0 0.699738 0.519231 0.031521 0.832692
0 0.666287 0.520673 0.034094 0.827885
0 0.630264 0.472596 0.030234 0.741346
1 0.639913 0.889904 0.016082 0.089423
1 0.623188 0.891346 0.016082 0.088462
1 0.606141 0.137500 0.015439 0.069231
1 0.589094 0.135577 0.017368 0.059615
1 0.597456 0.547596 0.031521 0.762500
1 0.563684 0.518269 0.033450 0.823077
1 0.529912 0.520192 0.031521 0.832692
2 0.508684 0.330288 0.018655 0.085577
2 0.506433 0.896154 0.014152 0.071154
0 0.482953 0.283173 0.032807 0.364423
1 0.490994 0.547596 0.016725 0.162500
1 0.473626 0.528846 0.023158 0.132692
0 0.481667 0.776923 0.028947 0.298077
0 0.447251 0.512981 0.032164 0.825962
0 0.412836 0.515865 0.030234 0.835577
0 0.380350 0.515865 0.029591 0.831731
0 0.348830 0.510577 0.036024 0.830769
0 0.315058 0.511058 0.032807 0.831731
0 0.282572 0.510577 0.028304 0.830769
0 0.251052 0.506250 0.032164 0.827885
0 0.216315 0.509135 0.034737 0.833654
0 0.180613 0.509615 0.034094 0.834615
0 0.148771 0.376923 0.032164 0.573077
1 0.155847 0.797115 0.015439 0.261538
1 0.139122 0.797115 0.020585 0.269231
0 0.112104 0.508173 0.032164 0.837500
3 0.060963 0.167788 0.034094 0.170192
