0 0.873395 0.586806 0.068398 0.634722
0 0.809185 0.585417 0.060022 0.627778
0 0.742881 0.583681 0.064210 0.625694
0 0.682859 0.584722 0.061418 0.625000
0 0.626326 0.536806 0.065606 0.527778
1 0.647962 0.849653 0.033501 0.100694
1 0.618649 0.849306 0.033501 0.097222
1 0.580960 0.586111 0.041876 0.627778
1 0.552345 0.587847 0.043272 0.627083
1 0.518146 0.587847 0.039084 0.625694
1 0.493021 0.587153 0.047460 0.624306
1 0.464405 0.560417 0.043272 0.575000
1 0.426717 0.560417 0.037688 0.573611
0 0.449749 0.875347 0.058626 0.050694
0 0.375768 0.347222 0.050251 0.143056
0 0.319933 0.323958 0.050251 0.096528
0 0.260609 0.588542 0.062814 0.636806
0 0.200586 0.587847 0.065606 0.627083
0 0.140564 0.589931 0.065606 0.629861
0 0.080542 0.592014 0.065606 0.636806
