0 0.835294 0.323828 0.013068 0.103906
0 0.818141 0.337500 0.022325 0.090625
1 0.828215 0.441406 0.015247 0.112500
1 0.809701 0.444531 0.016336 0.120313
1 0.774035 0.642969 0.017969 0.446875
1 0.757700 0.551953 0.012524 0.271094
1 0.740003 0.555859 0.016336 0.271094
1 0.722850 0.622656 0.017969 0.407813
1 0.706242 0.470703 0.015247 0.103906
1 0.629193 0.515234 0.015791 0.191406
1 0.613129 0.591797 0.017425 0.349219
1 0.596522 0.649609 0.016880 0.466406
1 0.579369 0.545312 0.015247 0.243750
1 0.564395 0.547266 0.011435 0.250781
0 0.429354 0.407813 0.027771 0.248438
1 0.410296 0.722266 0.017969 0.083594
1 0.393688 0.783984 0.016336 0.203906
1 0.375174 0.695703 0.015247 0.028906
1 0.359655 0.784766 0.015791 0.210156
1 0.342231 0.784375 0.015791 0.212500
1 0.327256 0.785156 0.014158 0.210938
1 0.309560 0.786328 0.017969 0.208594
1 0.294313 0.787109 0.014702 0.211719
1 0.279339 0.785937 0.018514 0.203125
1 0.262731 0.784375 0.016880 0.201563
1 0.245034 0.707812 0.019603 0.054688
1 0.230332 0.783594 0.017425 0.204687
1 0.215085 0.785937 0.015247 0.207813
4 0.202017 0.703125 0.008712 0.042188
4 0.192760 0.705078 0.009801 0.039844
1 0.197116 0.739453 0.016336 0.025781
1 0.165806 0.787500 0.016880 0.209375
1 0.149471 0.714063 0.012524 0.065625
2 0.124151 0.491797 0.017425 0.150781
2 0.126601 0.759766 0.012524 0.024219
