0 0.933845 0.554741 0.044199 0.661207
0 0.891197 0.555172 0.041097 0.655172
0 0.853590 0.559483 0.046525 0.663793
0 0.807453 0.557328 0.041097 0.661207
0 0.768294 0.558621 0.041872 0.665517
0 0.727197 0.564655 0.040322 0.667241
0 0.684937 0.554741 0.044199 0.664655
0 0.646166 0.555603 0.030241 0.656034
0 0.609721 0.556466 0.036445 0.659483
0 0.568624 0.556466 0.039546 0.671552
0 0.457740 0.554310 0.027140 0.665517
0 0.416643 0.553017 0.042648 0.659483
0 0.377872 0.556466 0.042648 0.664655
0 0.335612 0.554741 0.041872 0.657759
0 0.298392 0.553017 0.051177 0.657759
0 0.254193 0.555172 0.046525 0.675862
0 0.209994 0.553879 0.052728 0.661207
0 0.173550 0.551293 0.057381 0.669828
0 0.135942 0.551293 0.059707 0.664655
0 0.084377 0.548276 0.054279 0.668966
