0 0.903576 0.274519 0.032782 0.149038
0 0.856175 0.549038 0.042528 0.725000
0 0.813646 0.380769 0.037212 0.248077
0 0.766245 0.553365 0.036326 0.597115
0 0.721945 0.279327 0.032782 0.102885
0 0.672771 0.277404 0.030124 0.170192
0 0.629357 0.556731 0.046072 0.667308
0 0.584614 0.317788 0.027466 0.247115
0 0.541642 0.368269 0.038984 0.209615
0 0.462345 0.366827 0.043414 0.281731
0 0.414057 0.352885 0.037212 0.328846
0 0.370200 0.558173 0.032782 0.662500
0 0.323685 0.263462 0.026580 0.134615
0 0.281156 0.550962 0.042528 0.730769
0 0.234641 0.361058 0.038098 0.210577
0 0.191227 0.549038 0.046958 0.725000
0 0.146040 0.584615 0.036326 0.657692
0 0.103512 0.579327 0.045186 0.662500
