1 0.956368 0.217308 0.028138 0.092308
1 0.928230 0.196635 0.026380 0.058654
1 0.906247 0.399519 0.021104 0.137500
1 0.879427 0.402404 0.018466 0.149038
1 0.957247 0.784135 0.022862 0.195192
1 0.930868 0.785577 0.028138 0.192308
1 0.907126 0.757212 0.022862 0.149038
1 0.883384 0.758654 0.026380 0.155769
1 0.854367 0.702885 0.022862 0.144231
1 0.826668 0.705769 0.030776 0.148077
1 0.804685 0.477404 0.029018 0.083654
1 0.773029 0.453365 0.025500 0.052885
1 0.755003 0.582212 0.026380 0.093269
1 0.724667 0.559615 0.030776 0.051923
1 0.177729 0.853365 0.027259 0.152885
1 0.145633 0.855288 0.036932 0.145192
1 0.129366 0.467788 0.027259 0.097115
1 0.095952 0.443269 0.025500 0.050000
1 0.122331 0.771635 0.027259 0.102885
1 0.094633 0.748077 0.022862 0.048077
0 0.943178 0.473558 0.049242 0.412500
0 0.944497 0.909135 0.048363 0.049038
0 0.894816 0.887500 0.033414 0.096154
0 0.844694 0.861538 0.045725 0.161538
0 0.891738 0.575962 0.044845 0.196154
0 0.841177 0.524038 0.042207 0.205769
0 0.842056 0.216346 0.042207 0.105769
0 0.891298 0.241346 0.043966 0.159615
1 0.852608 0.346154 0.021104 0.128846
1 0.827547 0.347596 0.025500 0.135577
0 0.789737 0.294712 0.046604 0.266346
0 0.736977 0.369231 0.044845 0.315385
0 0.688615 0.573077 0.043087 0.726923
0 0.737857 0.780769 0.046604 0.311538
0 0.633217 0.312981 0.057156 0.206731
0 0.586174 0.549519 0.049242 0.783654
0 0.534733 0.551442 0.044845 0.785577
0 0.470543 0.552885 0.046604 0.780769
0 0.417344 0.549038 0.052759 0.792308
0 0.366343 0.552885 0.047483 0.780769
0 0.314903 0.500000 0.057156 0.680769
0 0.259505 0.571154 0.044845 0.723077
0 0.209824 0.570192 0.049242 0.730769
0 0.161461 0.494231 0.043966 0.563462
0 0.112659 0.315385 0.050121 0.213462
0 0.061218 0.297115 0.052759 0.173077
0 0.108262 0.619712 0.036052 0.199038
0 0.789737 0.686538 0.043087 0.311538
