0 0.955079 0.553846 0.034698 0.784615
0 0.915043 0.555769 0.040036 0.780769
0 0.876786 0.554808 0.040036 0.786538
0 0.838084 0.555288 0.040926 0.783654
0 0.800272 0.555288 0.034698 0.785577
0 0.762905 0.553365 0.043595 0.779808
0 0.726428 0.550481 0.048933 0.781731
0 0.689505 0.549038 0.037367 0.782692
0 0.652583 0.548558 0.032919 0.777885
0 0.610322 0.553846 0.033808 0.776923
0 0.574290 0.552885 0.038257 0.782692
0 0.535143 0.557692 0.036478 0.788462
0 0.452401 0.548077 0.043595 0.780769
0 0.413700 0.550481 0.037367 0.772115
0 0.375887 0.545192 0.041816 0.776923
0 0.336741 0.549038 0.040036 0.775000
0 0.298929 0.547596 0.040926 0.774038
0 0.259337 0.550481 0.038257 0.770192
0 0.221525 0.480769 0.039147 0.650000
0 0.183713 0.564423 0.036478 0.742308
0 0.147236 0.564423 0.038257 0.744231
0 0.107199 0.564423 0.036478 0.742308
0 0.072056 0.563462 0.042705 0.748077
0 0.033800 0.562500 0.035588 0.753846
