0 0.964129 0.563043 0.038828 0.761957
0 0.911305 0.565217 0.043343 0.772826
0 0.856224 0.571739 0.041537 0.770652
0 0.805657 0.567391 0.043343 0.772826
0 0.755542 0.569022 0.047858 0.771739
0 0.698655 0.230435 0.035216 0.107609
0 0.648539 0.556522 0.036119 0.807609
0 0.597070 0.548913 0.039731 0.796739
0 0.543794 0.567935 0.041537 0.771739
2 0.495485 0.228804 0.040634 0.169565
0 0.448530 0.572283 0.038828 0.765217
0 0.395255 0.575000 0.038828 0.753261
0 0.342431 0.565217 0.048761 0.761957
0 0.287349 0.570652 0.046955 0.768478
0 0.237234 0.572826 0.042440 0.768478
0 0.185765 0.568478 0.046052 0.766304
0 0.135649 0.567935 0.045149 0.763043
0 0.080568 0.565217 0.059596 0.761957
0 0.028647 0.572283 0.044246 0.771739
