0 0.939271 0.524138 0.068331 0.679310
0 0.883752 0.520690 0.067111 0.677586
0 0.836774 0.202155 0.046367 0.038793
0 0.783086 0.302155 0.056129 0.299138
0 0.720856 0.524569 0.068331 0.676724
0 0.664116 0.519828 0.059790 0.674138
0 0.606767 0.522845 0.062230 0.683621
0 0.562230 0.261638 0.051248 0.150862
0 0.507321 0.298276 0.053689 0.287931
0 0.447532 0.520690 0.058569 0.675862
0 0.390792 0.518534 0.059790 0.681897
0 0.334053 0.518966 0.058569 0.679310
0 0.282805 0.519397 0.068331 0.675000
2 0.235827 0.811207 0.037826 0.112069
