2 0.978238 0.875431 0.019838 0.061207
2 0.977176 0.198276 0.013462 0.050000
2 0.010527 0.857759 0.021053 0.101724
0 0.435881 0.246121 0.031883 0.140517
0 0.403644 0.556034 0.036842 0.708621
0 0.368927 0.541810 0.035425 0.725000
0 0.337045 0.558190 0.032591 0.702586
0 0.302682 0.559052 0.034717 0.692241
0 0.269737 0.557759 0.036842 0.698276
0 0.234666 0.559483 0.026215 0.700000
0 0.197470 0.270690 0.031174 0.129310
0 0.168776 0.549569 0.036134 0.733621
0 0.134413 0.420690 0.032591 0.422414
0 0.101468 0.541379 0.033300 0.731034
0 0.066397 0.481466 0.031174 0.542241
0 0.034160 0.549138 0.030466 0.736207
