0 0.818186 0.536207 0.033707 0.637931
0 0.781936 0.519828 0.029891 0.679310
0 0.744413 0.503448 0.033707 0.643103
0 0.707526 0.523276 0.031163 0.672414
0 0.669685 0.520259 0.027983 0.664655
0 0.631845 0.518103 0.034979 0.668966
0 0.594640 0.279310 0.030527 0.201724
0 0.558707 0.521121 0.031163 0.669828
0 0.521184 0.234914 0.029891 0.099138
0 0.465536 0.540948 0.030527 0.638793
0 0.429604 0.536207 0.036251 0.643103
0 0.390491 0.538793 0.031799 0.646552
0 0.355194 0.537500 0.034979 0.650862
0 0.319579 0.530603 0.038795 0.640517
0 0.282692 0.531466 0.036251 0.656034
0 0.245488 0.532759 0.038159 0.648276
0 0.209237 0.231897 0.031799 0.037931
0 0.172350 0.474569 0.031799 0.578448
2 0.146911 0.805603 0.019079 0.092241
