0 0.940105 0.227885 0.033261 0.076923
0 0.900759 0.262019 0.034073 0.077885
0 0.856546 0.231731 0.038129 0.078846
0 0.818011 0.300481 0.035695 0.154808
0 0.778260 0.234615 0.035695 0.078846
0 0.732019 0.297596 0.038940 0.149038
0 0.693890 0.230288 0.038940 0.072115
0 0.651704 0.466827 0.040563 0.487500
0 0.609925 0.296154 0.039751 0.140385
0 0.563683 0.225000 0.041374 0.075000
0 0.527583 0.504327 0.042185 0.560577
0 0.471200 0.271154 0.038129 0.240385
0 0.430232 0.261538 0.038940 0.100000
0 0.386424 0.550962 0.040563 0.755769
0 0.348296 0.555769 0.040563 0.748077
0 0.304488 0.554808 0.038940 0.746154
0 0.266359 0.370192 0.040563 0.392308
0 0.227824 0.273077 0.036506 0.113462
0 0.184422 0.556250 0.037318 0.745192
0 0.143454 0.554327 0.039751 0.743269
0 0.102891 0.554327 0.036506 0.750962
0 0.062329 0.555769 0.033261 0.751923
1 0.908466 0.489423 0.020281 0.371154
1 0.888996 0.488942 0.025149 0.374038
