0 0.891016 0.175962 0.036179 0.155769
0 0.892756 0.630769 0.029918 0.536538
0 0.828398 0.681731 0.033396 0.440385
0 0.791871 0.412019 0.036875 0.629808
0 0.759518 0.853365 0.029222 0.091346
0 0.724034 0.237981 0.037571 0.274038
0 0.723686 0.692308 0.031309 0.415385
0 0.691334 0.332212 0.032005 0.468269
0 0.658285 0.842308 0.031309 0.121154
0 0.621062 0.382212 0.030613 0.562500
0 0.588709 0.346154 0.031309 0.313462
0 0.521221 0.668269 0.034092 0.455769
0 0.472865 0.182692 0.030613 0.165385
0 0.405725 0.212500 0.028526 0.223077
0 0.335801 0.177885 0.027830 0.153846
0 0.301709 0.368269 0.030613 0.536538
0 0.268312 0.657212 0.033396 0.493269
0 0.232481 0.505769 0.035484 0.801923
0 0.196997 0.500962 0.036875 0.800000
0 0.162209 0.500962 0.035484 0.809615
0 0.128465 0.501442 0.033396 0.802885
0 0.096460 0.501442 0.033396 0.806731
0 0.338584 0.552885 0.033396 0.369231
0 0.335801 0.880288 0.029222 0.039423
0 0.371285 0.686538 0.033396 0.442308
0 0.407812 0.683654 0.029918 0.369231
0 0.441904 0.812981 0.031309 0.191346
1 0.274574 0.258173 0.019481 0.308654
1 0.257876 0.244712 0.019481 0.299038
1 0.342411 0.310577 0.014611 0.113462
1 0.326408 0.313462 0.017394 0.113462
1 0.377546 0.282212 0.016698 0.356731
1 0.360153 0.280769 0.020873 0.361538
1 0.413378 0.409615 0.014611 0.180769
1 0.396329 0.409943 0.018912 0.172159
1 0.528508 0.270170 0.018501 0.340341
1 0.512474 0.257386 0.016034 0.311364
1 0.595111 0.144034 0.016856 0.083523
1 0.577432 0.132386 0.016034 0.063636
1 0.633963 0.783807 0.018912 0.240341
1 0.616284 0.786080 0.020557 0.246023
1 0.802320 0.814773 0.017679 0.177273
1 0.785053 0.814205 0.019323 0.177273
1 0.899964 0.307670 0.017267 0.108523
1 0.882080 0.296023 0.020968 0.086364
1 0.310058 0.770968 0.018090 0.269355
1 0.294302 0.774194 0.019257 0.267742
1 0.346237 0.799194 0.020424 0.120968
1 0.329023 0.795161 0.018673 0.116129
1 0.415095 0.886290 0.016923 0.040323
1 0.396714 0.886290 0.015172 0.033871
1 0.448065 0.411290 0.017506 0.622581
1 0.432309 0.409677 0.017506 0.617742
1 0.484536 0.584677 0.021591 0.637097
1 0.465863 0.583468 0.019257 0.644355
1 0.598326 0.703629 0.019257 0.400806
1 0.581404 0.704032 0.018090 0.398387
1 0.563984 0.500926 0.022110 0.801852
1 0.546229 0.503241 0.022780 0.812037
1 0.665487 0.444907 0.018760 0.686111
1 0.648738 0.440741 0.020100 0.685185
1 0.700018 0.735227 0.017542 0.341667
1 0.683024 0.735985 0.019734 0.340152
1 0.732634 0.429167 0.016993 0.109848
1 0.716189 0.430682 0.016993 0.111364
1 0.816230 0.282197 0.025216 0.365909
1 0.833772 0.284470 0.020831 0.368939
1 0.851588 0.504167 0.022475 0.805303
1 0.866936 0.504545 0.022475 0.807576
1 0.765524 0.455303 0.020282 0.715152
1 0.749901 0.454545 0.020831 0.718182
