0 0.966264 0.541346 0.039521 0.646154
0 0.918755 0.570192 0.040362 0.707692
0 0.870405 0.571154 0.042885 0.707692
0 0.822475 0.498558 0.039521 0.568269
0 0.729138 0.308654 0.036158 0.190385
0 0.682469 0.570673 0.038680 0.708654
0 0.634960 0.412500 0.037839 0.390385
0 0.462161 0.270673 0.042044 0.116346
0 0.414231 0.358173 0.042044 0.295192
0 0.366301 0.424038 0.043725 0.430769
0 0.172480 0.431250 0.041203 0.439423
0 0.123569 0.449679 0.042885 0.472115
0 0.076620 0.442308 0.041203 0.469231
2 0.497057 0.445673 0.026067 0.033654
1 0.835508 0.852885 0.023544 0.146154
1 0.811123 0.854808 0.023544 0.155769
1 0.788840 0.236058 0.021022 0.041346
1 0.765295 0.237019 0.024385 0.043269
1 0.740490 0.465865 0.025226 0.137500
1 0.715684 0.449519 0.022704 0.118269
1 0.644630 0.770192 0.025226 0.323077
1 0.620245 0.765385 0.023544 0.326923
1 0.600905 0.572115 0.023544 0.715385
1 0.576519 0.571154 0.026908 0.709615
1 0.549612 0.269231 0.026908 0.113462
1 0.526067 0.267788 0.026908 0.116346
1 0.424321 0.660096 0.025226 0.324038
1 0.400357 0.656731 0.026067 0.317308
1 0.375971 0.783173 0.019340 0.291346
1 0.350745 0.781250 0.021022 0.295192
1 0.329303 0.569231 0.026908 0.717308
1 0.305758 0.568750 0.028590 0.710577
1 0.279691 0.570673 0.023544 0.710577
1 0.257829 0.572596 0.021863 0.716346
1 0.236807 0.324038 0.025226 0.225000
1 0.208194 0.328125 0.023077 0.231250
1 0.043266 0.567254 0.023544 0.715385
1 0.021823 0.572810 0.026067 0.719231
1 0.091336 0.803846 0.026908 0.255769
1 0.066109 0.807692 0.026908 0.257692
