0 0.259244 0.489453 0.035453 0.069531
0 0.218956 0.651953 0.038676 0.074219
0 0.340463 0.191016 0.035453 0.071094
0 0.139993 0.684375 0.038031 0.071875
0 0.097772 0.587500 0.042543 0.073438
0 0.057485 0.454688 0.041899 0.065625
0 0.461969 0.239063 0.039965 0.171875
0 0.533151 0.533929 0.042727 0.767857
0 0.574773 0.535714 0.041991 0.776786
0 0.613817 0.537500 0.041991 0.771429
0 0.652861 0.535268 0.039044 0.772321
0 0.693010 0.868304 0.041254 0.102679
0 0.856185 0.320982 0.039044 0.133036
0 0.898176 0.602679 0.041991 0.557143
0 0.936483 0.207589 0.039044 0.108036
2 0.971476 0.555804 0.023574 0.133036
2 0.026683 0.864732 0.019890 0.106250
1 0.472743 0.623214 0.023574 0.603571
1 0.453221 0.626339 0.022837 0.604464
1 0.433330 0.536607 0.021364 0.776786
1 0.410862 0.540625 0.019154 0.774107
1 0.392032 0.538339 0.019154 0.774107
1 0.370992 0.538732 0.019154 0.774107
1 0.350940 0.578268 0.022601 0.702964
1 0.291343 0.538625 0.019154 0.774107
1 0.188531 0.532768 0.019154 0.774107
1 0.167492 0.535839 0.019154 0.774107
1 0.726220 0.533554 0.019154 0.774107
1 0.747171 0.533946 0.019154 0.774107
1 0.765912 0.533446 0.019154 0.774107
1 0.786127 0.532946 0.019154 0.774107
1 0.807078 0.531554 0.019154 0.774107
1 0.828029 0.534625 0.019154 0.774107
1 0.331374 0.575089 0.022601 0.702964
1 0.312294 0.541696 0.019154 0.774107
1 0.269871 0.301823 0.022346 0.302604
1 0.248831 0.300802 0.022346 0.302604
1 0.268621 0.720546 0.023618 0.397003
1 0.249055 0.720641 0.023618 0.397003
1 0.228625 0.803320 0.019016 0.232422
1 0.208875 0.802430 0.019016 0.232422
1 0.229007 0.381818 0.022033 0.465909
1 0.209083 0.369318 0.021565 0.438636
1 0.148843 0.818182 0.022033 0.201136
1 0.127513 0.817330 0.018752 0.198295
1 0.108058 0.770170 0.021096 0.297159
1 0.086727 0.769602 0.020627 0.296023
1 0.046880 0.288920 0.021565 0.271023
1 0.067976 0.287216 0.020627 0.273295
1 0.046205 0.703488 0.023505 0.433721
1 0.067791 0.701744 0.022546 0.433721
1 0.088178 0.337500 0.022066 0.369186
1 0.108566 0.353198 0.020627 0.400581
1 0.127034 0.400291 0.021107 0.500581
1 0.147901 0.403488 0.021586 0.500000
1 0.684706 0.484848 0.021877 0.662121
1 0.705546 0.486621 0.021877 0.662121
1 0.846283 0.187847 0.019481 0.072917
1 0.866050 0.204167 0.020054 0.102778
1 0.885531 0.219792 0.018908 0.135417
1 0.906731 0.238194 0.023492 0.173611
1 0.847142 0.650347 0.020054 0.527083
1 0.867357 0.649153 0.020054 0.527083
1 0.888396 0.897917 0.020054 0.034722
1 0.908611 0.897417 0.020054 0.034722
1 0.926400 0.586328 0.019982 0.658594
1 0.947259 0.585828 0.019982 0.658594
2 0.024229 0.518452 0.019645 0.057540
