0 0.895373 0.606563 0.058702 0.628125
0 0.842426 0.610000 0.072514 0.632500
0 0.781998 0.549687 0.080571 0.754375
0 0.094843 0.552813 0.080571 0.740625
0 0.155272 0.426250 0.067910 0.331250
0 0.218002 0.427500 0.066759 0.332500
0 0.279581 0.343750 0.067910 0.322500
0 0.342887 0.551875 0.072514 0.745000
0 0.407176 0.551210 0.066833 0.745968
0 0.464356 0.551613 0.077229 0.750000
0 0.534159 0.551210 0.074259 0.752419
0 0.590596 0.448790 0.059407 0.329839
0 0.651488 0.449194 0.071289 0.330645
0 0.710153 0.408065 0.069803 0.466129
