0 0.930661 0.543966 0.044860 0.689655
0 0.886114 0.545190 0.044860 0.689655
0 0.840072 0.544690 0.044860 0.689655
0 0.796274 0.546776 0.044860 0.689655
0 0.747241 0.544552 0.044860 0.689655
0 0.696676 0.544871 0.040300 0.694741
0 0.651599 0.546776 0.046715 0.696103
0 0.604061 0.547138 0.046715 0.696103
0 0.558020 0.549224 0.046715 0.696103
0 0.461884 0.546138 0.046715 0.696103
0 0.416589 0.545638 0.046715 0.696103
0 0.365314 0.546862 0.046715 0.696103
0 0.317777 0.547224 0.046715 0.696103
0 0.273230 0.544138 0.046715 0.696103
0 0.222942 0.528828 0.041212 0.666483
0 0.222508 0.528328 0.041212 0.666483
0 0.174851 0.541052 0.046715 0.696103
0 0.126566 0.542276 0.046715 0.696103
0 0.080525 0.545224 0.046715 0.696103
