0 0.883175 0.226724 0.030291 0.193103
0 0.842889 0.270259 0.034531 0.164655
0 0.804723 0.500862 0.043013 0.750000
0 0.769234 0.497776 0.043013 0.750000
0 0.730717 0.496414 0.043013 0.750000
0 0.692805 0.497638 0.043013 0.750000
0 0.653682 0.499724 0.043013 0.750000
0 0.617588 0.498362 0.043013 0.750000
0 0.580876 0.437931 0.047253 0.620690
0 0.543618 0.268966 0.039378 0.167241
0 0.466075 0.496983 0.033320 0.740517
0 0.429726 0.494828 0.034531 0.737931
0 0.392469 0.495690 0.033925 0.743103
0 0.354908 0.496552 0.035137 0.739655
0 0.319771 0.493534 0.031502 0.738793
0 0.278879 0.495259 0.034531 0.745690
0 0.241622 0.499569 0.032714 0.743966
0 0.204061 0.437931 0.032714 0.620690
0 0.166804 0.268103 0.034531 0.168966
0 0.128941 0.496121 0.036349 0.747414
2 0.503029 0.695690 0.032108 0.050000
2 0.510905 0.812069 0.023627 0.084483
2 0.491216 0.821552 0.014539 0.072414
2 0.496062 0.370259 0.019386 0.071552
2 0.513328 0.406466 0.019992 0.130172
2 0.507573 0.190948 0.031502 0.130172
