0 0.965069 0.530603 0.038897 0.768103
0 0.929910 0.531828 0.038897 0.768103
0 0.895596 0.531328 0.038897 0.768103
0 0.863819 0.533414 0.038897 0.768103
0 0.833734 0.532052 0.038897 0.768103
0 0.799843 0.528922 0.034669 0.766293
0 0.762992 0.530147 0.034669 0.766293
0 0.732061 0.528784 0.034669 0.766293
0 0.699134 0.529741 0.034669 0.766379
0 0.668203 0.529241 0.034669 0.766379
0 0.635580 0.530466 0.034669 0.766379
0 0.605495 0.529966 0.034669 0.766379
0 0.569490 0.529466 0.034669 0.766379
0 0.538558 0.526379 0.034669 0.766379
0 0.453070 0.535776 0.048198 0.752586
0 0.420270 0.535526 0.046862 0.758259
0 0.383420 0.535888 0.046862 0.758259
0 0.355025 0.534526 0.046862 0.758259
0 0.319866 0.534888 0.046862 0.758259
0 0.254266 0.531802 0.046862 0.758259
0 0.221804 0.533621 0.038897 0.756897
0 0.289028 0.374138 0.039742 0.434483
0 0.189182 0.530534 0.038897 0.756897
0 0.154022 0.536931 0.038897 0.756897
0 0.123937 0.532983 0.038897 0.756897
0 0.090469 0.530759 0.038897 0.756897
0 0.057001 0.529397 0.038897 0.756897
0 0.027775 0.332653 0.033530 0.350000
