0 0.824613 0.254310 0.029493 0.136207
0 0.786863 0.546552 0.027133 0.662069
0 0.750587 0.559483 0.031262 0.618966
0 0.712247 0.563362 0.027723 0.637069
0 0.677740 0.562500 0.029493 0.635345
0 0.642349 0.562500 0.029493 0.637069
0 0.605188 0.562500 0.033032 0.626724
0 0.568912 0.555603 0.028903 0.633621
0 0.531752 0.555172 0.032442 0.631034
0 0.456841 0.561207 0.031262 0.625862
0 0.419385 0.560345 0.031852 0.625862
0 0.382519 0.556466 0.028903 0.623276
0 0.346538 0.559052 0.028903 0.628448
0 0.311737 0.559483 0.031262 0.627586
0 0.276641 0.558621 0.030672 0.631034
0 0.238300 0.560776 0.030672 0.631897
0 0.201140 0.559914 0.031852 0.626724
0 0.165159 0.556897 0.035391 0.629310
