0 0.931126 0.307759 0.031501 0.075862
0 0.898526 0.535776 0.035164 0.781897
0 0.862996 0.534483 0.031501 0.779310
0 0.828198 0.535776 0.032234 0.783621
0 0.791569 0.534483 0.030769 0.786207
0 0.753474 0.537931 0.033699 0.781034
0 0.721607 0.534483 0.032966 0.784483
0 0.687542 0.535345 0.033699 0.782759
0 0.652378 0.534483 0.032234 0.784483
0 0.616115 0.535345 0.031501 0.784483
0 0.582723 0.534845 0.031501 0.784483
0 0.457027 0.533483 0.031501 0.784483
0 0.422903 0.533845 0.031501 0.784483
0 0.385116 0.532483 0.031501 0.784483
0 0.352457 0.531983 0.031501 0.784483
0 0.316136 0.533207 0.031501 0.784483
0 0.279814 0.534431 0.031501 0.784483
0 0.247888 0.533069 0.031501 0.784483
0 0.210102 0.533431 0.031501 0.784483
0 0.177443 0.532069 0.031501 0.784483
0 0.143319 0.531569 0.031501 0.784483
0 0.107730 0.533655 0.031501 0.784483
0 0.492308 0.308190 0.028571 0.080172
0 0.549816 0.371983 0.027838 0.464655
1 0.556009 0.636174 0.015773 0.067045
1 0.539754 0.636364 0.015451 0.064394
2 0.956731 0.857083 0.016288 0.058333
