0 0.853237 0.543359 0.029312 0.611719
0 0.821150 0.542859 0.029312 0.611719
0 0.789661 0.543141 0.029312 0.611719
0 0.755779 0.540297 0.029312 0.611719
0 0.724289 0.542922 0.029312 0.611719
0 0.693996 0.541641 0.029312 0.611719
0 0.661909 0.542703 0.029312 0.611719
0 0.629223 0.542984 0.029312 0.611719
0 0.597734 0.543266 0.029312 0.611719
0 0.564450 0.541203 0.029312 0.611719
0 0.533559 0.539141 0.029312 0.611719
0 0.449428 0.542547 0.029312 0.611719
0 0.414948 0.542047 0.029312 0.611719
0 0.383255 0.542844 0.026512 0.620563
0 0.351168 0.538438 0.026512 0.620563
0 0.321473 0.541844 0.026512 0.620563
0 0.286395 0.541344 0.026512 0.620563
0 0.256102 0.539281 0.026512 0.620563
0 0.224612 0.539562 0.026512 0.620563
0 0.193721 0.539844 0.026512 0.620563
0 0.161036 0.540906 0.026512 0.620563
0 0.127788 0.499828 0.025388 0.537844
