0 0.743488 0.302381 0.035951 0.117857
0 0.784069 0.303274 0.032138 0.233929
0 0.866321 0.393750 0.029959 0.411310
0 0.824651 0.756845 0.031594 0.031548
0 0.702634 0.258929 0.034862 0.141667
0 0.699911 0.525000 0.031594 0.152381
0 0.615752 0.624702 0.028870 0.293452
0 0.657695 0.565179 0.032138 0.295833
0 0.576260 0.460714 0.034862 0.264286
0 0.575443 0.202381 0.031049 0.029762
0 0.419239 0.429292 0.035951 0.471429
0 0.291102 0.513988 0.033228 0.476786
0 0.247252 0.672321 0.029415 0.205357
0 0.206126 0.700595 0.032138 0.148810
0 0.165817 0.715774 0.027781 0.122024
0 0.170992 0.232440 0.034862 0.088690
0 0.212390 0.277679 0.030504 0.173214
0 0.126597 0.453571 0.039764 0.528571
1 0.712984 0.391071 0.017431 0.116667
1 0.691195 0.391071 0.021789 0.117857
1 0.794419 0.570536 0.019065 0.295833
1 0.772358 0.551786 0.020699 0.260714
1 0.876671 0.684821 0.019065 0.175595
1 0.855155 0.684524 0.020699 0.172619
1 0.588745 0.273404 0.021905 0.109574
1 0.568057 0.272872 0.020444 0.111702
1 0.630607 0.332979 0.021905 0.287234
1 0.609919 0.331915 0.024338 0.290426
1 0.670522 0.301330 0.020931 0.227128
1 0.650564 0.289096 0.018984 0.201596
1 0.710193 0.684574 0.017524 0.172340
1 0.689506 0.684574 0.019957 0.172340
1 0.669548 0.742553 0.020931 0.057447
1 0.648374 0.742287 0.024338 0.054787
1 0.588015 0.684043 0.023365 0.177660
1 0.566110 0.684309 0.020444 0.171809
1 0.836904 0.465878 0.021641 0.554730
1 0.813408 0.451689 0.025351 0.533108
1 0.545673 0.478041 0.021641 0.584459
1 0.526195 0.479730 0.021023 0.591892
1 0.133455 0.745175 0.018864 0.057018
1 0.112584 0.744298 0.022075 0.057895
1 0.219750 0.497368 0.018864 0.257018
1 0.199280 0.483772 0.018864 0.234211
1 0.179240 0.466837 0.025213 0.382653
1 0.158463 0.466582 0.021010 0.380102
1 0.263282 0.381888 0.024279 0.378061
1 0.241571 0.367092 0.021944 0.349490
1 0.299934 0.762245 0.018209 0.026531
1 0.278456 0.764031 0.021010 0.021939
1 0.284993 0.234439 0.021944 0.083163
1 0.306237 0.234949 0.020544 0.085204
1 0.407087 0.722704 0.020544 0.113776
1 0.427397 0.721429 0.021944 0.113265
1 0.324166 0.484286 0.027454 0.584286
1 0.347027 0.484090 0.027454 0.584286
1 0.366607 0.486890 0.023436 0.590854
1 0.387253 0.485671 0.022320 0.589634
1 0.449470 0.486280 0.018414 0.587195
1 0.469558 0.485671 0.019530 0.588415
