0 0.931633 0.505435 0.043814 0.857609
0 0.884767 0.501674 0.043814 0.857609
0 0.839953 0.504435 0.043814 0.857609
0 0.788294 0.505022 0.043814 0.857609
0 0.739373 0.504522 0.043814 0.857609
0 0.691822 0.501848 0.043814 0.857609
0 0.644955 0.501348 0.043814 0.857609
0 0.598773 0.500848 0.043814 0.857609
0 0.550536 0.505783 0.043814 0.857609
0 0.467386 0.500935 0.043814 0.857609
0 0.421204 0.500435 0.043814 0.857609
0 0.370914 0.502109 0.043814 0.857609
0 0.322678 0.503783 0.043814 0.857609
0 0.275126 0.500022 0.043814 0.857609
0 0.226890 0.502783 0.043814 0.857609
0 0.177969 0.501196 0.043814 0.857609
0 0.130418 0.499609 0.043814 0.857609
0 0.082182 0.502370 0.043814 0.857609
2 0.507873 0.360870 0.031491 0.196739
2 0.507188 0.640217 0.031491 0.064130
