0 0.911534 0.493269 0.047321 0.859615
0 0.867689 0.494692 0.047321 0.859615
0 0.827722 0.491308 0.047321 0.859615
0 0.786204 0.491769 0.047321 0.859615
0 0.743135 0.490308 0.047321 0.859615
0 0.702392 0.489808 0.047321 0.859615
0 0.661650 0.487385 0.047321 0.859615
0 0.617805 0.489769 0.047321 0.859615
0 0.573184 0.489269 0.047321 0.859615
0 0.532442 0.488769 0.047321 0.859615
0 0.471530 0.490192 0.047321 0.859615
0 0.429236 0.493538 0.047321 0.859615
0 0.389270 0.492077 0.047321 0.859615
0 0.346200 0.490615 0.047321 0.859615
0 0.303907 0.487231 0.047321 0.859615
0 0.260837 0.485769 0.047321 0.859615
0 0.216992 0.486231 0.047321 0.859615
0 0.180128 0.486692 0.047321 0.859615
0 0.136283 0.485231 0.047321 0.859615
0 0.094765 0.483769 0.047321 0.859615
3 0.048127 0.102404 0.027151 0.079808
2 0.500560 0.345833 0.014007 0.122222
2 0.501081 0.508929 0.015127 0.048214
2 0.500720 0.637946 0.012966 0.025893
