0 0.929808 0.494022 0.038043 0.897826
0 0.889966 0.496783 0.038043 0.897826
0 0.848997 0.495696 0.038043 0.897826
0 0.809154 0.498457 0.038043 0.897826
0 0.648600 0.497957 0.038043 0.897826
0 0.769254 0.493522 0.038043 0.897826
0 0.729411 0.496283 0.038043 0.897826
0 0.687682 0.500043 0.036521 0.888130
0 0.527296 0.495446 0.038321 0.888457
0 0.566604 0.495696 0.041759 0.883609
0 0.610104 0.495652 0.039506 0.885870
0 0.149562 0.497652 0.039506 0.885870
0 0.467382 0.497000 0.036967 0.880000
0 0.427942 0.498000 0.035080 0.878000
0 0.387603 0.498000 0.036338 0.882000
0 0.347153 0.495500 0.035124 0.881000
0 0.187791 0.498935 0.038855 0.885870
0 0.306674 0.266500 0.033968 0.423000
0 0.267571 0.493185 0.035445 0.887630
0 0.227231 0.496489 0.036704 0.877022
0 0.066754 0.497446 0.038321 0.888457
0 0.106062 0.497696 0.041759 0.883609
2 0.496925 0.098790 0.021169 0.068548
2 0.497468 0.399194 0.020083 0.233871
2 0.495840 0.720161 0.020083 0.038710
