0 0.880866 0.532083 0.028910 0.684167
0 0.848864 0.535750 0.028910 0.684167
0 0.816862 0.534417 0.028910 0.684167
0 0.788221 0.533917 0.028910 0.684167
0 0.753530 0.532583 0.028910 0.684167
0 0.720855 0.535417 0.028910 0.684167
0 0.690198 0.534083 0.028910 0.684167
0 0.660885 0.529417 0.028910 0.684167
0 0.630227 0.533083 0.028910 0.684167
0 0.600242 0.531750 0.028910 0.684167
0 0.568912 0.529583 0.028910 0.684167
0 0.543633 0.529917 0.028910 0.684167
0 0.514993 0.531083 0.028910 0.684167
0 0.461476 0.533917 0.028910 0.684167
0 0.432164 0.534250 0.028910 0.684167
0 0.404868 0.532917 0.028910 0.684167
0 0.374412 0.441000 0.029313 0.498000
0 0.343687 0.317083 0.027565 0.127500
0 0.314740 0.415741 0.029881 0.627778
0 0.285233 0.538426 0.027640 0.686111
0 0.253858 0.257870 0.027640 0.130556
0 0.223978 0.275926 0.032122 0.344444
0 0.191856 0.540278 0.027640 0.691667
0 0.160855 0.298611 0.029881 0.191667
0 0.130974 0.469444 0.034363 0.727778
0 0.096238 0.126852 0.030628 0.053704
2 0.493605 0.139939 0.014266 0.076220
2 0.488439 0.324695 0.021645 0.061585
2 0.489177 0.700915 0.022137 0.026220
2 0.490161 0.835976 0.019186 0.062195
