0 0.180278 0.241346 0.056937 0.186538
0 0.237215 0.588942 0.059857 0.168269
0 0.296706 0.479808 0.057667 0.176923
0 0.357293 0.519712 0.062047 0.179808
0 0.352913 0.764423 0.056207 0.173077
0 0.890528 0.617788 0.055477 0.164423
0 0.774830 0.168269 0.056207 0.115385
0 0.828117 0.860096 0.048907 0.100962
3 0.067864 0.146154 0.027738 0.096154
2 0.507665 0.378846 0.012409 0.092308
2 0.506935 0.741346 0.013869 0.032692
1 0.904762 0.807692 0.027008 0.213462
1 0.874469 0.806250 0.023359 0.214423
1 0.875564 0.322596 0.028468 0.422115
1 0.904762 0.324519 0.029928 0.429808
1 0.846001 0.463462 0.026279 0.698077
1 0.816072 0.464423 0.024819 0.705769
1 0.789064 0.572115 0.027738 0.694231
1 0.758770 0.571635 0.028468 0.695192
1 0.729937 0.517788 0.024819 0.806731
1 0.701469 0.515865 0.024819 0.810577
1 0.671540 0.515865 0.023359 0.804808
1 0.644532 0.515385 0.027738 0.798077
1 0.613509 0.518269 0.029928 0.801923
1 0.585770 0.517308 0.029928 0.801923
1 0.554747 0.515865 0.024819 0.799038
1 0.525184 0.515865 0.022629 0.810577
1 0.486131 0.516827 0.026279 0.799038
1 0.459852 0.519712 0.026279 0.808654
1 0.431019 0.520673 0.027008 0.810577
1 0.402185 0.518269 0.032118 0.811538
1 0.370797 0.644231 0.026279 0.071154
1 0.344519 0.643269 0.029198 0.073077
1 0.370067 0.885577 0.029198 0.082692
1 0.340869 0.887500 0.030658 0.076923
1 0.373352 0.274519 0.028468 0.318269
1 0.342329 0.261058 0.027738 0.287500
1 0.311671 0.255288 0.030658 0.281731
1 0.283202 0.255769 0.027738 0.286538
1 0.312401 0.748558 0.026279 0.358654
1 0.283567 0.749038 0.027008 0.359615
1 0.253274 0.312019 0.027738 0.391346
1 0.222616 0.309615 0.027738 0.390385
1 0.254369 0.798558 0.027008 0.252885
1 0.225900 0.801923 0.028468 0.257692
1 0.195242 0.631250 0.029928 0.595192
1 0.166044 0.628846 0.032848 0.603846
1 0.196702 0.136538 0.022629 0.042308
1 0.165314 0.135577 0.035768 0.044231
1 0.138305 0.523077 0.032848 0.815385
1 0.106187 0.524038 0.029928 0.819231
