0 0.924631 0.529741 0.036188 0.687069
0 0.886247 0.526655 0.036188 0.687069
0 0.848477 0.527017 0.036188 0.687069
0 0.808253 0.528241 0.036188 0.687069
0 0.770888 0.408914 0.033317 0.458034
0 0.692587 0.527741 0.036188 0.687069
0 0.658497 0.532414 0.036188 0.687069
0 0.580245 0.525879 0.036188 0.687069
0 0.542475 0.531414 0.036188 0.687069
0 0.502447 0.529466 0.039034 0.694517
0 0.307045 0.529828 0.039034 0.694517
0 0.269888 0.528466 0.039034 0.694517
0 0.231504 0.525379 0.039034 0.694517
0 0.193734 0.524879 0.039034 0.694517
0 0.113029 0.521793 0.039034 0.694517
0 0.074645 0.522155 0.039034 0.694517
0 0.039328 0.521655 0.039034 0.694517
0 0.156099 0.296983 0.034961 0.242241
0 0.153338 0.770259 0.036801 0.200862
1 0.163766 0.546552 0.020854 0.253448
1 0.143831 0.545690 0.023921 0.250000
0 0.345932 0.525000 0.035575 0.696552
0 0.379973 0.343966 0.034961 0.170690
0 0.424441 0.201724 0.033121 0.046552
0 0.462776 0.339655 0.030054 0.327586
0 0.461242 0.808621 0.036801 0.131034
0 0.421067 0.611207 0.036188 0.213793
0 0.383960 0.750431 0.036801 0.249138
0 0.618874 0.242672 0.034348 0.121552
0 0.617954 0.771983 0.041095 0.206034
1 0.781413 0.754310 0.022081 0.231034
1 0.758719 0.754741 0.026988 0.235345
1 0.747065 0.197414 0.019627 0.037931
1 0.728051 0.200431 0.019627 0.031897
1 0.629608 0.484914 0.021467 0.362931
1 0.608140 0.465948 0.026374 0.326724
1 0.474123 0.625862 0.024534 0.236207
1 0.451735 0.609914 0.017787 0.204310
1 0.435788 0.359483 0.021467 0.267241
1 0.414934 0.344397 0.019014 0.231897
1 0.395613 0.218534 0.022081 0.078448
1 0.376599 0.201293 0.022081 0.040517
1 0.393773 0.528017 0.025761 0.199138
1 0.371692 0.526724 0.020854 0.194828
1 0.430268 0.796121 0.019014 0.150862
1 0.407880 0.794397 0.019627 0.154310
0 0.735718 0.544828 0.026374 0.653448
2 0.717317 0.237069 0.015334 0.053448
2 0.715477 0.754310 0.016561 0.024138
