0 0.901359 0.625481 0.034473 0.564423
0 0.866887 0.754327 0.031658 0.318269
0 0.835580 0.747596 0.032362 0.320192
0 0.800756 0.485096 0.034473 0.352885
0 0.867238 0.187500 0.033769 0.200000
0 0.834525 0.252404 0.033066 0.335577
0 0.802514 0.877885 0.030955 0.069231
0 0.766635 0.655288 0.035176 0.516346
0 0.734273 0.766827 0.033769 0.293269
0 0.699097 0.740385 0.036583 0.294231
0 0.732514 0.438942 0.034473 0.250962
0 0.767338 0.201442 0.033769 0.237500
0 0.800404 0.105288 0.032362 0.037500
0 0.663921 0.327404 0.036583 0.429808
0 0.664624 0.782212 0.037990 0.270192
0 0.628393 0.264423 0.031658 0.351923
0 0.596031 0.478365 0.040101 0.375962
0 0.597790 0.850481 0.036583 0.133654
0 0.562613 0.751923 0.032362 0.323077
0 0.526030 0.295673 0.033769 0.422115
0 0.559448 0.171154 0.033066 0.175000
0 0.696986 0.107692 0.036583 0.050000
0 0.443366 0.214423 0.035880 0.259615
0 0.408190 0.217308 0.033066 0.265385
0 0.374773 0.143269 0.032362 0.111538
0 0.308290 0.179327 0.033066 0.189423
0 0.308994 0.736538 0.033066 0.363462
0 0.345225 0.873558 0.032362 0.081731
0 0.377939 0.735577 0.035880 0.275000
0 0.412412 0.822115 0.033066 0.173077
0 0.448291 0.892308 0.031658 0.042308
0 0.480653 0.652885 0.035880 0.526923
0 0.343818 0.439904 0.035176 0.258654
0 0.271707 0.152885 0.033066 0.132692
0 0.241456 0.309615 0.035880 0.282692
0 0.243215 0.769712 0.037990 0.289423
0 0.203466 0.121635 0.033066 0.079808
0 0.170400 0.121635 0.033066 0.074038
0 0.207335 0.673558 0.032362 0.470192
0 0.174269 0.703846 0.039397 0.421154
0 0.138742 0.707692 0.034473 0.413462
0 0.104621 0.660096 0.035176 0.512500
2 0.501601 0.320000 0.015548 0.048750
2 0.504573 0.892813 0.011432 0.043125
1 0.113306 0.246875 0.018292 0.318750
1 0.094141 0.245681 0.018292 0.318750
1 0.129890 0.293847 0.018657 0.415083
1 0.144259 0.294042 0.018657 0.415083
1 0.162409 0.325097 0.016625 0.334528
1 0.179826 0.323903 0.016625 0.334528
1 0.197610 0.295778 0.016340 0.276500
1 0.214448 0.301083 0.019247 0.281167
1 0.230525 0.126875 0.017580 0.082361
1 0.245910 0.124986 0.017580 0.082361
1 0.333049 0.196167 0.016788 0.224333
1 0.348942 0.195667 0.016788 0.224333
1 0.316170 0.415111 0.019044 0.279500
1 0.299037 0.416000 0.019044 0.279500
1 0.281761 0.406625 0.018759 0.382583
1 0.266661 0.408208 0.018759 0.382583
1 0.249172 0.536736 0.017885 0.180694
1 0.231459 0.517389 0.014694 0.143000
0 0.275359 0.717432 0.031564 0.240137
1 0.270146 0.873736 0.014552 0.076139
1 0.285023 0.875319 0.014552 0.076139
1 0.370384 0.892333 0.015284 0.034778
1 0.386785 0.892528 0.015284 0.034778
1 0.335041 0.700625 0.017885 0.264028
1 0.351442 0.702903 0.017885 0.264028
1 0.369520 0.398792 0.018027 0.399639
1 0.383889 0.398292 0.018027 0.399639
1 0.401927 0.542389 0.020283 0.383278
1 0.419852 0.543278 0.020283 0.383278
1 0.436112 0.605431 0.018983 0.523861
1 0.453021 0.607708 0.018983 0.523861
1 0.470042 0.236875 0.017174 0.304028
1 0.486444 0.234986 0.017174 0.304028
2 0.503066 0.573257 0.017179 0.032653
1 0.518200 0.707903 0.020446 0.409194
1 0.535862 0.706958 0.016910 0.406917
1 0.552243 0.421444 0.017397 0.329333
1 0.569660 0.425806 0.017397 0.329333
1 0.586174 0.173028 0.018637 0.174778
1 0.653060 0.100208 0.017987 0.027361
1 0.669969 0.100403 0.017987 0.027361
1 0.587698 0.727083 0.016605 0.131944
1 0.605116 0.726583 0.016605 0.131944
1 0.621375 0.674153 0.016320 0.472528
1 0.636760 0.675042 0.016320 0.472528
1 0.604384 0.190972 0.016767 0.205556
1 0.692000 0.894125 0.016320 0.035472
1 0.707386 0.894319 0.016320 0.035472
1 0.670508 0.594889 0.016625 0.107833
1 0.655407 0.595778 0.016625 0.107833
1 0.690141 0.347319 0.015975 0.442861
1 0.707233 0.359917 0.015324 0.466278
1 0.738553 0.198208 0.015690 0.225806
1 0.722619 0.186500 0.016056 0.202000
1 0.758003 0.348403 0.017438 0.058750
1 0.774333 0.357875 0.017296 0.078694
1 0.808233 0.214972 0.014532 0.188111
1 0.792624 0.219333 0.014532 0.188111
1 0.892720 0.209264 0.015263 0.242583
1 0.907272 0.215611 0.015629 0.256278
1 0.859622 0.439375 0.016422 0.305972
1 0.872975 0.438181 0.016422 0.305972
1 0.825976 0.496861 0.015629 0.164611
1 0.841869 0.498444 0.015629 0.164611
1 0.740189 0.591417 0.015467 0.056056
1 0.722476 0.577278 0.016340 0.030167
1 0.795124 0.752611 0.017377 0.186444
1 0.809493 0.752111 0.017377 0.186444
