0 0.588198 0.258654 0.049391 0.348077
0 0.638648 0.419231 0.048685 0.300000
0 0.592079 0.723558 0.054330 0.320192
0 0.692978 0.634615 0.050097 0.303846
0 0.799169 0.450481 0.047980 0.231731
0 0.745544 0.867788 0.050802 0.120192
0 0.849618 0.488942 0.048685 0.208654
0 0.903948 0.536538 0.047274 0.521154
0 0.745544 0.360096 0.053625 0.327885
0 0.690861 0.193750 0.051508 0.225962
0 0.468249 0.390385 0.050802 0.303846
0 0.418505 0.237500 0.052919 0.319231
0 0.418505 0.713942 0.044452 0.183654
0 0.364175 0.436058 0.048685 0.206731
0 0.366291 0.825962 0.048685 0.203846
0 0.315842 0.532212 0.047980 0.316346
0 0.264334 0.809615 0.052213 0.240385
0 0.206476 0.824519 0.049391 0.199038
0 0.153557 0.863942 0.045158 0.129808
0 0.103460 0.812019 0.050802 0.227885
0 0.207887 0.386538 0.055036 0.288462
0 0.261864 0.289423 0.048685 0.421154
0 0.310903 0.133654 0.049391 0.105769
0 0.153204 0.131731 0.047274 0.107692
0 0.100638 0.155288 0.046569 0.149038
2 0.503528 0.314423 0.014112 0.075000
2 0.504234 0.887019 0.015523 0.075962
1 0.480949 0.665385 0.021168 0.246154
1 0.455548 0.675481 0.026812 0.264423
1 0.429441 0.512019 0.022579 0.224038
1 0.404746 0.499519 0.026812 0.202885
1 0.428383 0.830769 0.024696 0.048077
1 0.407215 0.866827 0.024696 0.116346
1 0.379345 0.634615 0.023990 0.196154
1 0.356766 0.625481 0.023990 0.175962
1 0.327131 0.805288 0.026812 0.237500
1 0.302083 0.791827 0.028929 0.212500
1 0.273859 0.594712 0.020462 0.183654
1 0.248811 0.586058 0.026812 0.172115
1 0.218471 0.627404 0.023990 0.199038
1 0.195186 0.630288 0.026812 0.195192
1 0.166610 0.491827 0.028929 0.610577
1 0.140151 0.491346 0.029635 0.615385
1 0.112986 0.465865 0.026107 0.472115
1 0.088290 0.464904 0.026107 0.475962
1 0.479891 0.156731 0.030340 0.155769
1 0.456959 0.143750 0.026812 0.118269
1 0.374758 0.204808 0.023284 0.248077
1 0.353944 0.205288 0.029635 0.254808
1 0.324662 0.283654 0.021873 0.196154
1 0.301377 0.282692 0.023284 0.192308
1 0.217060 0.161058 0.028223 0.172115
1 0.192364 0.159135 0.022579 0.166346
1 0.548333 0.505288 0.028929 0.845192
1 0.523284 0.504808 0.029635 0.842308
1 0.601957 0.495192 0.026107 0.138462
1 0.575851 0.484615 0.021873 0.105769
1 0.652407 0.749038 0.026812 0.353846
1 0.628417 0.732212 0.025401 0.320192
1 0.704973 0.398558 0.023284 0.183654
1 0.681336 0.398077 0.028223 0.180769
1 0.649937 0.178846 0.027518 0.188462
1 0.624536 0.177404 0.021873 0.187500
1 0.755422 0.140385 0.028223 0.113462
1 0.729669 0.127404 0.030340 0.081731
1 0.811517 0.212019 0.028929 0.250962
1 0.785763 0.197115 0.028223 0.223077
1 0.836565 0.235096 0.028223 0.295192
1 0.865141 0.236538 0.028929 0.303846
1 0.893365 0.184135 0.024696 0.193269
1 0.916296 0.184615 0.026812 0.192308
1 0.891248 0.863942 0.024696 0.131731
1 0.916296 0.860096 0.028223 0.127885
1 0.866200 0.762981 0.025401 0.325962
1 0.838682 0.765385 0.028223 0.325000
1 0.810105 0.749038 0.026107 0.369231
1 0.785410 0.748558 0.028929 0.364423
1 0.758245 0.665865 0.023990 0.293269
1 0.732844 0.653365 0.026812 0.252885
1 0.703915 0.857212 0.025401 0.137500
1 0.680983 0.860577 0.021873 0.136538
1 0.601957 0.903846 0.026107 0.044231
1 0.575851 0.904808 0.026107 0.042308
