0 0.915910 0.512500 0.042820 0.869565
0 0.870346 0.512000 0.042820 0.869565
0 0.827954 0.510413 0.042820 0.869565
0 0.776047 0.509913 0.042820 0.869565
0 0.730483 0.505065 0.042820 0.869565
0 0.682541 0.504565 0.042820 0.869565
0 0.631426 0.505152 0.042820 0.869565
0 0.582690 0.503565 0.042820 0.869565
0 0.537127 0.501978 0.042820 0.869565
0 0.465395 0.504739 0.042820 0.869565
0 0.415073 0.504239 0.042820 0.869565
0 0.368717 0.503739 0.042820 0.869565
0 0.325532 0.503239 0.042820 0.869565
0 0.271246 0.502739 0.042820 0.869565
0 0.227268 0.505500 0.042820 0.869565
0 0.178532 0.506087 0.042820 0.869565
0 0.130589 0.506674 0.042820 0.869565
0 0.085026 0.505087 0.042820 0.869565
2 0.503172 0.121739 0.016652 0.101087
2 0.498811 0.395652 0.022203 0.125000
2 0.499207 0.686413 0.022996 0.039130
