0 0.926055 0.563043 0.049738 0.761957
0 0.880578 0.563630 0.049738 0.761957
0 0.834162 0.557696 0.049738 0.761957
0 0.783993 0.553935 0.049738 0.761957
0 0.736639 0.557783 0.049738 0.761957
0 0.690223 0.551848 0.049738 0.761957
0 0.644746 0.557870 0.049738 0.761957
0 0.596454 0.558457 0.049738 0.761957
0 0.550038 0.557957 0.049738 0.761957
0 0.473592 0.549848 0.049738 0.761957
0 0.429992 0.549348 0.049738 0.761957
0 0.381699 0.551022 0.049738 0.761957
0 0.336222 0.549435 0.049738 0.761957
0 0.283237 0.547848 0.049738 0.761957
0 0.237760 0.547348 0.049738 0.761957
0 0.193222 0.543587 0.049738 0.761957
0 0.140875 0.476978 0.051014 0.629739
0 0.092545 0.499261 0.048199 0.856913
2 0.511731 0.344565 0.022523 0.057609
2 0.510323 0.651087 0.021584 0.057609
