0 0.912502 0.502404 0.032727 0.814423
0 0.880456 0.138462 0.032727 0.086538
0 0.878752 0.618269 0.034773 0.588462
0 0.846024 0.250000 0.033409 0.311538
0 0.815001 0.504327 0.030000 0.816346
0 0.846024 0.792308 0.029318 0.238462
0 0.782274 0.212500 0.034091 0.234615
0 0.746137 0.561538 0.030000 0.700000
0 0.714433 0.152885 0.030682 0.125000
0 0.679319 0.679327 0.031364 0.458654
0 0.646592 0.503846 0.030000 0.825000
0 0.613182 0.149519 0.032727 0.118269
0 0.580114 0.706250 0.034773 0.404808
0 0.547727 0.500481 0.032727 0.818269
0 0.516023 0.311058 0.030682 0.427885
0 0.471364 0.652404 0.031364 0.520192
0 0.437613 0.502885 0.033409 0.817308
0 0.405568 0.214904 0.030682 0.245192
0 0.371136 0.500000 0.034091 0.809615
0 0.405227 0.887500 0.032727 0.040385
0 0.337386 0.113462 0.029318 0.042308
0 0.307045 0.501923 0.035455 0.813462
0 0.340113 0.789423 0.029318 0.242308
0 0.273976 0.249519 0.036137 0.312500
0 0.273976 0.749038 0.036137 0.323077
0 0.240226 0.501442 0.031364 0.816346
0 0.206135 0.131250 0.032727 0.081731
0 0.207499 0.752885 0.034091 0.311538
0 0.174089 0.226442 0.035455 0.270192
0 0.140680 0.386538 0.032727 0.601923
0 0.107612 0.705769 0.032046 0.409615
0 0.075566 0.363942 0.033409 0.556731
0 0.075907 0.830288 0.030000 0.162500
0 0.169658 0.868269 0.030682 0.086538
2 0.493523 0.208173 0.011591 0.077885
2 0.493182 0.302404 0.010909 0.072115
2 0.491477 0.709615 0.010227 0.063462
1 0.756024 0.154808 0.019773 0.119231
1 0.737274 0.139423 0.021818 0.084615
1 0.689205 0.273077 0.017046 0.365385
1 0.670796 0.259615 0.021136 0.336538
1 0.720910 0.563462 0.015000 0.705769
1 0.705228 0.563462 0.016364 0.701923
1 0.854853 0.539224 0.017727 0.275000
1 0.837737 0.537500 0.016505 0.266379
1 0.787611 0.623707 0.016505 0.592241
1 0.771106 0.620259 0.017727 0.587069
1 0.888474 0.251293 0.014060 0.143966
1 0.871663 0.252586 0.019561 0.143103
1 0.524146 0.718103 0.018950 0.389655
1 0.505807 0.720259 0.018950 0.388793
1 0.623786 0.559483 0.018950 0.706897
1 0.605704 0.563293 0.018950 0.706897
1 0.589248 0.296121 0.015893 0.409483
1 0.571826 0.281897 0.018950 0.389655
1 0.477994 0.243966 0.018339 0.301724
1 0.459961 0.232328 0.018950 0.283621
1 0.414420 0.602155 0.020784 0.533621
1 0.398221 0.589655 0.021395 0.508621
1 0.348095 0.403017 0.017727 0.537069
1 0.330979 0.402586 0.021395 0.532759
1 0.282381 0.496121 0.014671 0.190517
1 0.265877 0.482328 0.022006 0.162931
1 0.217279 0.388362 0.020173 0.430172
1 0.198941 0.377586 0.020173 0.413793
1 0.183658 0.594397 0.021395 0.462931
1 0.163792 0.594828 0.022006 0.468966
1 0.149121 0.795690 0.017116 0.224138
1 0.132922 0.794828 0.020173 0.225862
1 0.083102 0.696121 0.017116 0.112931
1 0.068736 0.694397 0.016505 0.106034
1 0.115805 0.294397 0.018950 0.419828
1 0.098384 0.292672 0.014671 0.421552
