0 0.920709 0.503261 0.100523 0.948913
0 0.804549 0.497283 0.094567 0.934783
0 0.728970 0.345652 0.038720 0.459783
0 0.686899 0.505978 0.034997 0.958696
0 0.652647 0.492935 0.033508 0.921739
0 0.614872 0.501924 0.033106 0.953761
0 0.575206 0.506522 0.036486 0.959783
0 0.533880 0.477174 0.034252 0.905435
0 0.426655 0.505435 0.093822 0.946739
0 0.311239 0.485870 0.089354 0.898913
0 0.236777 0.327717 0.035742 0.436957
0 0.198430 0.500543 0.039465 0.956522
0 0.160082 0.501087 0.035742 0.953261
0 0.121734 0.502717 0.033508 0.956522
0 0.082641 0.504348 0.034252 0.951087
0 0.045038 0.340761 0.033508 0.628261
1 0.735299 0.668478 0.026062 0.153261
2 0.496277 0.811413 0.034997 0.100000
2 0.498138 0.388587 0.032763 0.200000
