0 0.642669 0.522283 0.037807 0.936957
0 0.606673 0.521783 0.037807 0.936957
0 0.571391 0.523457 0.037807 0.936957
0 0.533969 0.520783 0.037807 0.936957
0 0.470154 0.527891 0.037807 0.936957
0 0.433445 0.526304 0.037807 0.936957
0 0.433117 0.525804 0.037807 0.936957
0 0.397778 0.528478 0.037807 0.936957
0 0.363923 0.527978 0.037807 0.936957
0 0.287267 0.522043 0.037807 0.936957
0 0.252698 0.525891 0.037807 0.936957
0 0.218130 0.525391 0.037807 0.936957
0 0.178568 0.528152 0.037807 0.936957
0 0.141859 0.526565 0.037807 0.936957
0 0.107290 0.521717 0.037807 0.936957
0 0.070582 0.524478 0.037807 0.936957
0 0.031733 0.519630 0.037807 0.936957
0 0.323918 0.477348 0.040432 0.846391
2 0.494650 0.042935 0.017120 0.060870
2 0.501427 0.404348 0.023540 0.211957
2 0.507490 0.536413 0.014267 0.054348
2 0.500000 0.779891 0.026394 0.054348
1 0.981150 0.527174 0.019974 0.927174
1 0.961562 0.524500 0.019974 0.927174
1 0.944826 0.522913 0.019974 0.927174
1 0.907405 0.525674 0.019974 0.927174
1 0.886389 0.526261 0.019974 0.927174
1 0.869834 0.525914 0.018907 0.929654
1 0.852919 0.527435 0.019974 0.927174
1 0.834401 0.530739 0.019974 0.927174
1 0.815247 0.527640 0.018702 0.931758
1 0.798049 0.531870 0.019974 0.927174
1 0.779174 0.525935 0.019974 0.927174
1 0.761726 0.527609 0.019974 0.927174
1 0.743564 0.527109 0.019974 0.927174
1 0.723666 0.526720 0.020781 0.931745
1 0.706897 0.525313 0.017860 0.929930
1 0.684956 0.106826 0.018861 0.104826
1 0.671074 0.109587 0.018861 0.104826
1 0.924186 0.542188 0.018458 0.905208
