0 0.896726 0.550481 0.040105 0.706731
0 0.856998 0.549019 0.040105 0.706731
0 0.812552 0.548519 0.040105 0.706731
0 0.764961 0.548019 0.040105 0.706731
0 0.726806 0.547519 0.040105 0.706731
0 0.680001 0.547019 0.040105 0.706731
0 0.633982 0.547481 0.040105 0.706731
0 0.595041 0.547942 0.040105 0.706731
0 0.549023 0.542635 0.040105 0.706731
0 0.460540 0.548865 0.040105 0.706731
0 0.414521 0.547404 0.040105 0.706731
0 0.370075 0.544019 0.040105 0.706731
0 0.322484 0.548327 0.040105 0.706731
0 0.281970 0.547827 0.040105 0.706731
0 0.233592 0.552135 0.040105 0.706731
0 0.194651 0.544904 0.040105 0.706731
0 0.144701 0.546327 0.040105 0.706731
0 0.103400 0.544865 0.040105 0.706731
