0 0.929884 0.568966 0.040145 0.679310
2 0.964593 0.838362 0.029272 0.125000
0 0.880891 0.569328 0.040145 0.679310
0 0.783389 0.569690 0.040145 0.679310
0 0.736068 0.568328 0.040145 0.679310
0 0.590895 0.568690 0.040145 0.679310
0 0.546083 0.569914 0.040145 0.679310
0 0.445236 0.569414 0.040145 0.679310
0 0.397915 0.568914 0.040145 0.679310
0 0.350594 0.566690 0.040145 0.679310
0 0.251420 0.568776 0.040145 0.679310
0 0.204433 0.551379 0.037469 0.636897
0 0.301785 0.350431 0.041818 0.242241
0 0.643434 0.468103 0.040981 0.543103
0 0.692779 0.434483 0.040981 0.334483
0 0.838304 0.305172 0.042654 0.146552
0 0.160441 0.484914 0.045163 0.438793
0 0.111515 0.553879 0.042654 0.702586
0 0.062588 0.550862 0.041818 0.710345
1 0.172150 0.738793 0.030109 0.062069
1 0.148314 0.736638 0.022581 0.069828
1 0.704906 0.636638 0.021745 0.068103
1 0.679816 0.633190 0.021745 0.062931
