0 0.972057 0.295673 0.047814 0.335577
0 0.921813 0.537500 0.047814 0.826923
0 0.867095 0.534115 0.047814 0.826923
0 0.815618 0.540346 0.047814 0.826923
0 0.768193 0.535038 0.047814 0.826923
0 0.714286 0.534538 0.047814 0.826923
0 0.658757 0.534038 0.047814 0.826923
0 0.606470 0.536423 0.047814 0.826923
0 0.553373 0.536885 0.047814 0.826923
0 0.451652 0.535423 0.047814 0.826923
0 0.403417 0.541654 0.047814 0.826923
0 0.347888 0.539231 0.047814 0.826923
0 0.295601 0.534885 0.047814 0.826923
0 0.240073 0.533423 0.047814 0.826923
0 0.187786 0.536769 0.047814 0.826923
0 0.133878 0.536269 0.047814 0.826923
0 0.085643 0.536731 0.047814 0.826923
0 0.031735 0.534308 0.047814 0.826923
2 0.501216 0.197596 0.044572 0.147115
2 0.500000 0.394231 0.037278 0.059615
2 0.499595 0.682692 0.036468 0.063462
