0 0.791987 0.327404 0.022436 0.352885
0 0.761218 0.371154 0.025000 0.503846
0 0.731410 0.524038 0.025641 0.803846
0 0.707372 0.216827 0.027564 0.133654
0 0.679487 0.338462 0.021795 0.309615
0 0.676042 0.586328 0.027083 0.074219
0 0.675260 0.775000 0.026562 0.193750
0 0.653646 0.211719 0.023958 0.067187
0 0.652865 0.451172 0.021354 0.166406
0 0.626042 0.402734 0.034375 0.569531
0 0.601562 0.272266 0.027083 0.194531
0 0.597656 0.480078 0.028646 0.094531
0 0.596875 0.648828 0.025000 0.188281
0 0.543750 0.665625 0.030208 0.348438
0 0.549740 0.211719 0.030729 0.190625
0 0.518229 0.412891 0.032292 0.480469
0 0.514583 0.823047 0.027083 0.157031
0 0.575781 0.244531 0.026562 0.203125
1 0.554375 0.400313 0.012917 0.185625
1 0.541875 0.397813 0.016250 0.184375
1 0.605417 0.400938 0.015000 0.060625
1 0.593333 0.399062 0.014167 0.063125
1 0.605417 0.542500 0.012500 0.031250
1 0.590208 0.539375 0.016250 0.030000
1 0.684167 0.521250 0.013333 0.052500
1 0.671042 0.508750 0.015417 0.031250
1 0.682708 0.633125 0.014583 0.025000
1 0.670417 0.634375 0.014167 0.026250
1 0.603125 0.773438 0.013750 0.061875
1 0.589375 0.776875 0.013750 0.061250
1 0.521667 0.664687 0.011667 0.035625
1 0.507917 0.664687 0.015000 0.033125
1 0.661667 0.273125 0.015833 0.055000
1 0.648750 0.260625 0.013333 0.028750
0 0.205035 0.216146 0.028125 0.188542
0 0.263194 0.523177 0.022917 0.809896
0 0.288889 0.819792 0.023611 0.162500
0 0.291319 0.602344 0.025000 0.102604
0 0.293229 0.400781 0.019792 0.197396
0 0.293750 0.215365 0.022917 0.070312
0 0.318924 0.279687 0.021181 0.314583
0 0.344965 0.430990 0.023264 0.559896
0 0.372396 0.523698 0.023264 0.071354
0 0.374826 0.294531 0.024653 0.222396
0 0.399826 0.186198 0.025347 0.126563
0 0.399653 0.606771 0.022222 0.531250
0 0.450868 0.790104 0.026042 0.098958
0 0.424479 0.576042 0.023958 0.158333
0 0.452431 0.542708 0.025694 0.220833
0 0.479687 0.408594 0.023264 0.567187
0 0.453125 0.216667 0.024306 0.071875
0 0.424132 0.231250 0.023958 0.096875
0 0.452604 0.341667 0.026736 0.068750
0 0.424653 0.342708 0.023611 0.069792
1 0.405035 0.901042 0.015625 0.062500
1 0.391493 0.899479 0.013542 0.063542
1 0.455903 0.850000 0.012500 0.021875
1 0.442882 0.853646 0.012153 0.028125
1 0.457986 0.687760 0.015278 0.061979
1 0.444271 0.673438 0.013542 0.034375
1 0.459896 0.403125 0.014236 0.052083
1 0.444792 0.389323 0.016667 0.030729
1 0.430903 0.406510 0.015278 0.058854
1 0.417708 0.389062 0.015278 0.031250
1 0.458854 0.263021 0.014236 0.019792
1 0.445312 0.264844 0.013542 0.027604
1 0.430903 0.294271 0.013194 0.027083
1 0.418403 0.294792 0.013194 0.032292
1 0.405729 0.294531 0.013542 0.088021
1 0.393924 0.294271 0.014931 0.093750
1 0.378993 0.420052 0.015625 0.029687
1 0.377778 0.588281 0.015278 0.058854
1 0.364236 0.589844 0.013194 0.060937
1 0.297917 0.682292 0.017361 0.062500
1 0.283854 0.666406 0.014236 0.031771
1 0.297917 0.524479 0.013194 0.056250
1 0.285243 0.513281 0.014236 0.030729
1 0.298090 0.263021 0.014236 0.027083
1 0.242882 0.215104 0.014931 0.123958
1 0.228299 0.201563 0.016319 0.103125
1 0.213368 0.404948 0.014931 0.186979
1 0.199132 0.388802 0.014236 0.155729
