0 0.929192 0.540761 0.042378 0.760870
0 0.887301 0.538087 0.042378 0.760870
0 0.839098 0.536500 0.042378 0.760870
0 0.792698 0.534913 0.042378 0.760870
0 0.749905 0.533326 0.042378 0.760870
0 0.700801 0.533913 0.042378 0.760870
0 0.653499 0.536674 0.042378 0.760870
0 0.605296 0.537261 0.042378 0.760870
0 0.563405 0.535674 0.042378 0.760870
0 0.445774 0.539522 0.042378 0.760870
0 0.355193 0.537935 0.042378 0.760870
0 0.401664 0.538522 0.042378 0.760870
0 0.307891 0.537435 0.042378 0.760870
0 0.256983 0.536935 0.042378 0.760870
0 0.215092 0.537522 0.042378 0.760870
0 0.164184 0.537022 0.042378 0.760870
0 0.121391 0.538696 0.042378 0.760870
0 0.075154 0.390022 0.040900 0.468870
