0 0.884151 0.279348 0.043793 0.294565
0 0.787345 0.504348 0.040720 0.840217
0 0.738942 0.415761 0.042257 0.102174
0 0.737790 0.714130 0.043025 0.411957
0 0.690539 0.161957 0.049940 0.061957
0 0.690954 0.257109 0.049940 0.061957
0 0.686344 0.354391 0.050647 0.053348
0 0.687527 0.441935 0.050647 0.053348
0 0.685222 0.554391 0.046744 0.101000
0 0.686698 0.802174 0.043793 0.227174
0 0.638679 0.301630 0.044562 0.339130
0 0.639447 0.803804 0.043025 0.228261
0 0.588739 0.522283 0.044562 0.778261
0 0.541104 0.184783 0.052245 0.114130
0 0.539952 0.600000 0.039183 0.633696
0 0.463506 0.279891 0.047635 0.280435
0 0.462737 0.686413 0.046098 0.456522
0 0.412413 0.370109 0.043793 0.560870
0 0.317144 0.442391 0.046866 0.701087
0 0.269125 0.261413 0.053781 0.341304
0 0.219185 0.505978 0.053781 0.828261
0 0.167709 0.526087 0.050708 0.779348
0 0.117001 0.530435 0.050708 0.785870
5 0.364010 0.348370 0.034574 0.423913
1 0.474262 0.441304 0.024586 0.046739
1 0.427011 0.695652 0.033037 0.088043
5 0.411261 0.830435 0.036879 0.185870
2 0.503842 0.488043 0.020744 0.220652
2 0.504226 0.713043 0.033805 0.061957
2 0.494622 0.826087 0.016134 0.151087
2 0.501537 0.185326 0.026891 0.197826
1 0.553397 0.260870 0.024586 0.040217
1 0.702064 0.303261 0.026891 0.038043
0 0.690601 0.256609 0.049940 0.061957
1 0.698637 0.396239 0.026891 0.038043
1 0.699052 0.480522 0.026891 0.038043
1 0.645832 0.575880 0.028719 0.225413
1 0.695533 0.644565 0.029196 0.092391
1 0.750467 0.488587 0.022281 0.045652
1 0.702832 0.209239 0.020744 0.047826
5 0.738558 0.248370 0.029196 0.232609
5 0.836517 0.414130 0.036110 0.470652
