0 0.936049 0.580769 0.039363 0.659615
0 0.890983 0.582192 0.039363 0.659615
0 0.847667 0.579769 0.039363 0.659615
0 0.759110 0.564154 0.041602 0.704385
0 0.801779 0.278846 0.040237 0.071154
0 0.720168 0.563654 0.041602 0.704385
0 0.630491 0.563154 0.041602 0.704385
0 0.315871 0.464904 0.041112 0.502885
0 0.272572 0.352404 0.045486 0.220192
0 0.363543 0.746635 0.043736 0.333654
0 0.583536 0.283654 0.048110 0.146154
0 0.672758 0.268269 0.042861 0.100000
0 0.674944 0.831250 0.040237 0.164423
1 0.684430 0.532422 0.026296 0.427344
1 0.662398 0.532813 0.023453 0.428125
1 0.595946 0.633203 0.027007 0.558594
1 0.573914 0.634766 0.027007 0.564844
1 0.421111 0.557422 0.031271 0.697656
1 0.396947 0.562109 0.027007 0.696094
1 0.373849 0.398828 0.022032 0.366406
1 0.351106 0.398828 0.029139 0.361719
