0 0.694987 0.227586 0.041997 0.056897
0 0.797731 0.312931 0.047997 0.051724
0 0.744859 0.403879 0.050247 0.118103
0 0.744859 0.544397 0.045747 0.056034
0 0.798421 0.518034 0.045747 0.056034
0 0.800235 0.631328 0.045747 0.056034
0 0.847700 0.774250 0.048552 0.111845
0 0.796051 0.856690 0.045747 0.056034
0 0.696622 0.829466 0.045747 0.056034
0 0.645941 0.457414 0.045747 0.056034
0 0.350025 0.405190 0.045747 0.056034
0 0.352590 0.827103 0.045747 0.056034
0 0.250911 0.799017 0.045747 0.056034
0 0.147733 0.751103 0.045747 0.056034
0 0.052054 0.751466 0.045747 0.056034
5 0.745984 0.486638 0.032998 0.056034
2 0.011032 0.513793 0.020999 0.267241
2 0.015157 0.735345 0.023248 0.029310
1 0.960095 0.543966 0.023248 0.693103
1 0.935662 0.544328 0.023248 0.693103
1 0.911228 0.546414 0.023248 0.693103
1 0.888295 0.543328 0.023248 0.693103
1 0.860232 0.455897 0.023488 0.520966
1 0.836548 0.454534 0.023488 0.520966
1 0.606688 0.540310 0.022109 0.690069
1 0.578722 0.538336 0.027043 0.692293
1 0.634241 0.313362 0.025498 0.231897
1 0.657490 0.312069 0.023998 0.236207
1 0.706987 0.528879 0.022499 0.547414
1 0.680363 0.525862 0.023248 0.548276
1 0.657490 0.686638 0.026998 0.402586
1 0.631556 0.688724 0.026998 0.402586
1 0.705862 0.872414 0.023248 0.031034
1 0.681488 0.872845 0.022499 0.035345
1 0.759108 0.729310 0.024748 0.315517
1 0.732642 0.715267 0.025183 0.288431
1 0.807105 0.746552 0.023248 0.174138
1 0.783422 0.742603 0.023248 0.174138
1 0.859977 0.859483 0.023998 0.060345
1 0.831793 0.858121 0.023998 0.060345
1 0.811230 0.246121 0.025498 0.090517
1 0.785356 0.242241 0.024748 0.086207
1 0.759483 0.270259 0.023998 0.145690
1 0.735860 0.258621 0.032248 0.118966
1 0.811230 0.417672 0.025498 0.147414
1 0.784607 0.400431 0.026248 0.119828
1 0.811230 0.576724 0.023998 0.051724
1 0.784232 0.574569 0.023998 0.059483
1 0.415398 0.544375 0.033710 0.685000
1 0.391040 0.544500 0.033710 0.685000
1 0.211179 0.544000 0.033710 0.685000
1 0.186579 0.546972 0.033710 0.685000
1 0.114253 0.548556 0.033710 0.685000
1 0.084819 0.547361 0.033710 0.685000
1 0.365521 0.868750 0.027911 0.028333
1 0.339423 0.869583 0.025011 0.030000
1 0.364071 0.617500 0.028636 0.365833
1 0.338336 0.603542 0.027186 0.337083
1 0.361715 0.290625 0.025373 0.177917
1 0.339423 0.276250 0.025011 0.145000
1 0.313143 0.544583 0.028273 0.682500
1 0.288060 0.545750 0.028273 0.682500
1 0.261555 0.488487 0.027472 0.569079
1 0.237655 0.487987 0.027472 0.569079
1 0.262700 0.855921 0.024038 0.059211
1 0.161959 0.829741 0.026248 0.112931
1 0.137399 0.830388 0.024373 0.109914
1 0.062216 0.832328 0.023998 0.111207
1 0.038030 0.831681 0.022874 0.109052
1 0.158606 0.463110 0.026523 0.517683
1 0.135796 0.448476 0.028644 0.488415
1 0.059941 0.465244 0.029705 0.514634
1 0.034044 0.461945 0.029705 0.515134
