0 0.931019 0.538462 0.055473 0.711538
0 0.884774 0.537250 0.055473 0.713962
0 0.838528 0.539635 0.055473 0.713962
0 0.791403 0.533365 0.055473 0.713962
0 0.746038 0.532865 0.055473 0.713962
0 0.697415 0.536731 0.056706 0.720769
0 0.648316 0.529269 0.050085 0.722231
0 0.603832 0.525885 0.050085 0.722231
0 0.558467 0.527308 0.050085 0.722231
0 0.438363 0.530769 0.059876 0.719231
0 0.388173 0.528846 0.054593 0.717308
0 0.343688 0.532192 0.054593 0.717308
0 0.293921 0.532654 0.054593 0.717308
0 0.245721 0.535788 0.054205 0.726500
0 0.197503 0.533135 0.050261 0.718346
0 0.151257 0.532635 0.050261 0.718346
2 0.027156 0.492308 0.024655 0.069231
0 0.105523 0.332692 0.044026 0.319231
0 0.059295 0.422115 0.044907 0.342308
1 0.124014 0.659615 0.031699 0.336538
1 0.094516 0.644231 0.029057 0.307692
