0 0.788055 0.482812 0.048201 0.585938
0 0.729939 0.482312 0.048201 0.585938
0 0.677562 0.479469 0.048201 0.585938
0 0.617150 0.479750 0.048201 0.585938
0 0.561329 0.479250 0.048201 0.585938
0 0.505509 0.479531 0.048201 0.585938
0 0.443950 0.478250 0.048201 0.585938
0 0.390424 0.476969 0.048201 0.585938
0 0.328865 0.474906 0.048201 0.585938
0 0.281078 0.476750 0.048201 0.585938
0 0.217224 0.476250 0.048201 0.585938
0 0.160255 0.474187 0.048201 0.585938
2 0.864947 0.286719 0.039019 0.185938
2 0.866094 0.634375 0.032134 0.032813
