0 0.946657 0.625000 0.034390 0.563793
0 0.910102 0.628810 0.034390 0.563793
0 0.871870 0.625724 0.034390 0.563793
0 0.834477 0.624362 0.034390 0.563793
0 0.797922 0.623000 0.034390 0.563793
0 0.758851 0.623362 0.034390 0.563793
0 0.720619 0.623724 0.034390 0.563793
0 0.684065 0.624086 0.034390 0.563793
0 0.643316 0.624448 0.034390 0.563793
0 0.610955 0.624810 0.034390 0.563793
0 0.571381 0.507414 0.036739 0.333448
0 0.536907 0.602155 0.036907 0.609483
2 0.500419 0.540948 0.026003 0.150862
2 0.499581 0.708621 0.024325 0.032759
0 0.464351 0.510345 0.036068 0.437931
0 0.427444 0.624138 0.036068 0.562069
0 0.387535 0.622776 0.036068 0.562069
0 0.350980 0.624000 0.036068 0.562069
0 0.316942 0.621776 0.036068 0.562069
0 0.276193 0.623000 0.036068 0.562069
0 0.202690 0.600043 0.037662 0.611983
0 0.163619 0.598681 0.037662 0.611983
0 0.127064 0.598181 0.037662 0.611983
0 0.088153 0.321552 0.036907 0.056897
0 0.052504 0.625431 0.036068 0.566379
0 0.239136 0.511638 0.033552 0.337069
