0 0.817708 0.395313 0.023750 0.448125
0 0.762708 0.643125 0.031250 0.451250
0 0.735833 0.461562 0.029167 0.583125
0 0.628542 0.650000 0.029583 0.420000
0 0.605625 0.205625 0.027083 0.076250
0 0.577292 0.427812 0.025417 0.118125
0 0.466875 0.649375 0.030417 0.443750
0 0.445000 0.525625 0.037500 0.690000
0 0.420417 0.347187 0.034167 0.336875
0 0.361458 0.701250 0.032083 0.335000
0 0.344375 0.230625 0.027917 0.112500
0 0.310000 0.531250 0.035000 0.670000
0 0.285625 0.406875 0.037083 0.471250
0 0.172500 0.759375 0.028333 0.198750
2 0.821250 0.746563 0.016667 0.253125
2 0.796458 0.519375 0.017083 0.703750
2 0.770208 0.294375 0.015417 0.250000
2 0.739375 0.811250 0.015417 0.115000
2 0.714583 0.517500 0.018333 0.696250
2 0.688542 0.517188 0.020417 0.693125
2 0.661875 0.516563 0.017917 0.694375
2 0.637500 0.307500 0.015000 0.278750
2 0.608542 0.550312 0.019583 0.620625
2 0.584792 0.267500 0.013750 0.205000
2 0.581458 0.671562 0.017083 0.376875
2 0.556382 0.510427 0.020417 0.689375
2 0.529792 0.510312 0.017917 0.684375
2 0.808453 0.746375 0.016594 0.250000
2 0.782816 0.519642 0.017034 0.699034
2 0.757159 0.283927 0.014998 0.233166
2 0.702685 0.518020 0.018333 0.696250
2 0.674943 0.516177 0.020417 0.693125
2 0.648616 0.516062 0.017917 0.694375
2 0.625054 0.297843 0.014735 0.260436
2 0.594263 0.549302 0.019583 0.620625
2 0.568880 0.669532 0.017083 0.376875
2 0.543503 0.511721 0.020338 0.686839
2 0.517816 0.509916 0.019433 0.687644
2 0.725436 0.810240 0.015417 0.115000
2 0.477778 0.307018 0.016374 0.245614
2 0.421637 0.692544 0.019298 0.360526
2 0.397661 0.523465 0.025146 0.695175
2 0.373246 0.355702 0.020175 0.359649
2 0.342836 0.575219 0.021930 0.582018
2 0.311111 0.185088 0.012281 0.020175
2 0.285380 0.752193 0.015789 0.228947
2 0.264259 0.516595 0.025594 0.694879
2 0.237389 0.514474 0.025655 0.693860
2 0.211842 0.514474 0.026608 0.695614
2 0.185965 0.413596 0.022807 0.498246
2 0.172766 0.413974 0.022807 0.498246
2 0.196596 0.513082 0.026608 0.695644
2 0.224220 0.514412 0.026885 0.693860
2 0.250094 0.516160 0.026045 0.693847
2 0.273041 0.753279 0.015240 0.223348
2 0.328175 0.574719 0.021930 0.582018
2 0.323936 0.184588 0.012281 0.020175
2 0.358585 0.356956 0.020175 0.359649
2 0.382843 0.524939 0.024876 0.694737
2 0.467211 0.306518 0.016374 0.245614
2 0.407561 0.692044 0.019298 0.360526
