0 0.925845 0.559239 0.049847 0.778261
0 0.875568 0.553804 0.048987 0.773913
0 0.828730 0.284239 0.044690 0.250000
0 0.779743 0.183696 0.042971 0.109783
0 0.732474 0.409783 0.044690 0.464130
0 0.680479 0.179348 0.042112 0.111957
0 0.632351 0.569022 0.050706 0.778261
0 0.583828 0.565261 0.050706 0.778261
0 0.531008 0.565848 0.050706 0.778261
0 0.469594 0.554478 0.050706 0.778261
0 0.420211 0.558326 0.050706 0.778261
0 0.369969 0.560000 0.050706 0.778261
0 0.319727 0.560587 0.050706 0.778261
0 0.269485 0.560087 0.050706 0.778261
0 0.219243 0.563935 0.050706 0.778261
0 0.170720 0.565609 0.050706 0.778261
0 0.122197 0.568370 0.050706 0.778261
0 0.066799 0.563522 0.050706 0.778261
1 0.669381 0.488362 0.026583 0.500862
1 0.692555 0.504310 0.025220 0.541379
1 0.770600 0.512069 0.021812 0.556897
1 0.792752 0.504741 0.033399 0.550862
