0 0.955814 0.420673 0.039287 0.370192
0 0.916059 0.383333 0.035902 0.300000
0 0.873497 0.384028 0.042272 0.295833
0 0.835858 0.400694 0.037639 0.333333
0 0.796192 0.439931 0.037060 0.400694
0 0.757395 0.460069 0.041693 0.443750
0 0.637528 0.292708 0.037060 0.107639
0 0.594967 0.328125 0.038797 0.182639
0 0.557617 0.568056 0.038218 0.668056
0 0.445278 0.568056 0.035902 0.673611
0 0.404744 0.564583 0.041693 0.676389
0 0.363920 0.330556 0.034165 0.190278
0 0.323385 0.400000 0.037639 0.269444
0 0.242399 0.545536 0.043182 0.710714
0 0.204011 0.545929 0.043182 0.710714
0 0.164135 0.548107 0.043182 0.710714
0 0.084056 0.547607 0.043182 0.710714
0 0.047902 0.545321 0.043182 0.710714
0 0.124765 0.440179 0.034248 0.475000
0 0.125882 0.830804 0.034992 0.147321
1 0.134072 0.719643 0.018613 0.076786
1 0.113226 0.716071 0.018613 0.080357
2 0.013833 0.868750 0.022335 0.075000
1 0.276274 0.495982 0.020102 0.377679
1 0.293398 0.506696 0.020102 0.399107
1 0.584874 0.446429 0.014890 0.048214
1 0.602371 0.454911 0.021591 0.075893
1 0.625823 0.603125 0.025313 0.516964
1 0.646997 0.601732 0.025313 0.516964
1 0.666399 0.337946 0.018613 0.140179
1 0.685339 0.340125 0.018613 0.140179
1 0.708464 0.583036 0.023824 0.632143
1 0.727404 0.582536 0.023824 0.632143
1 0.748295 0.789286 0.021591 0.226786
1 0.767980 0.789679 0.021591 0.226786
1 0.789988 0.770982 0.023080 0.263393
1 0.808928 0.769589 0.023080 0.263393
1 0.827586 0.579911 0.023824 0.029464
1 0.847315 0.594196 0.023080 0.052679
1 0.868162 0.633482 0.023080 0.208036
1 0.887311 0.641268 0.024986 0.226393
1 0.906504 0.656696 0.019357 0.249107
1 0.927142 0.667607 0.022752 0.273714
1 0.946708 0.742411 0.022335 0.281250
1 0.966601 0.752429 0.019774 0.302286
2 0.988400 0.877232 0.016379 0.040179
2 0.987200 0.202419 0.015467 0.082258
