0 0.855854 0.543269 0.047036 0.732692
0 0.808417 0.548538 0.047036 0.732692
0 0.757896 0.544192 0.047036 0.732692
0 0.710459 0.543692 0.047036 0.732692
0 0.660709 0.543192 0.047036 0.732692
0 0.608645 0.544615 0.047036 0.732692
0 0.560530 0.551923 0.059373 0.744231
0 0.517735 0.551442 0.060144 0.745192
0 0.452578 0.540385 0.053205 0.751923
0 0.403599 0.538923 0.053205 0.751923
0 0.355391 0.544192 0.053205 0.751923
0 0.303328 0.544654 0.053205 0.751923
0 0.254349 0.546077 0.053205 0.751923
0 0.207683 0.543654 0.053205 0.751923
0 0.161017 0.546038 0.053205 0.751923
0 0.111267 0.551308 0.053205 0.751923
