0 0.920712 0.619231 0.042030 0.623077
0 0.874957 0.620654 0.042030 0.623077
0 0.834146 0.621115 0.042030 0.623077
0 0.789216 0.621577 0.042030 0.623077
0 0.749229 0.623000 0.042030 0.623077
0 0.705123 0.618654 0.042030 0.623077
0 0.662664 0.619115 0.042030 0.623077
0 0.618821 0.569885 0.040909 0.525615
0 0.574517 0.638865 0.043810 0.593423
0 0.532058 0.638365 0.043810 0.593423
0 0.462404 0.633058 0.043810 0.593423
0 0.416649 0.632558 0.043810 0.593423
0 0.335078 0.585462 0.041404 0.554077
0 0.290361 0.634250 0.041832 0.598808
0 0.247903 0.633750 0.041832 0.598808
0 0.205873 0.619327 0.044337 0.559423
0 0.160332 0.641192 0.039821 0.598385
0 0.116852 0.487096 0.042722 0.298885
0 0.071723 0.626269 0.042327 0.624385
0 0.375146 0.404327 0.030492 0.075962
2 0.500000 0.128846 0.024724 0.101923
0 0.460030 0.191827 0.043678 0.110577
0 0.459602 0.191327 0.043678 0.110577
0 0.077607 0.186019 0.043678 0.110577
0 0.918602 0.204750 0.043678 0.110577
0 0.540728 0.192712 0.043678 0.110577
