0 0.692891 0.431897 0.072684 0.481034
0 0.599940 0.358190 0.057308 0.042241
0 0.678215 0.782328 0.043331 0.054310
1 0.624772 0.442969 0.044335 0.114062
1 0.536102 0.561328 0.036735 0.636719
1 0.491994 0.561859 0.044791 0.642469
1 0.445582 0.559797 0.044791 0.642469
1 0.405503 0.557734 0.044791 0.642469
1 0.360357 0.560359 0.044791 0.642469
1 0.319011 0.560641 0.044791 0.642469
1 0.275132 0.562484 0.044791 0.642469
1 0.228719 0.561984 0.044791 0.642469
1 0.184840 0.561484 0.044791 0.642469
1 0.144761 0.562547 0.044791 0.642469
1 0.099615 0.562828 0.044791 0.642469
1 0.057002 0.562328 0.044791 0.642469
