0 0.905379 0.300781 0.033075 0.285937
0 0.823113 0.306141 0.033495 0.291406
0 0.731654 0.307203 0.033495 0.291406
0 0.649598 0.309828 0.033495 0.291406
0 0.568588 0.293141 0.034411 0.262156
0 0.568400 0.292109 0.034788 0.261094
0 0.422986 0.300734 0.033495 0.291406
0 0.337991 0.303359 0.033495 0.291406
0 0.297610 0.582596 0.031386 0.724094
0 0.254924 0.582096 0.031386 0.724094
0 0.087031 0.423614 0.036168 0.406344
0 0.210748 0.485864 0.038558 0.537201
0 0.039972 0.256250 0.032236 0.092857
0 0.039112 0.578768 0.032612 0.413893
0 0.038777 0.886357 0.031940 0.046929
0 0.127809 0.362650 0.035201 0.101487
0 0.127957 0.700346 0.033562 0.417165
0 0.168735 0.791268 0.032595 0.289679
0 0.170561 0.457339 0.034314 0.115679
0 0.169366 0.269143 0.031332 0.108143
0 0.381803 0.238393 0.032236 0.042857
0 0.521786 0.247714 0.032236 0.042857
0 0.610729 0.244536 0.032236 0.042857
0 0.688927 0.246714 0.032236 0.042857
0 0.781228 0.242643 0.032236 0.042857
0 0.864799 0.242143 0.032236 0.042857
1 0.619876 0.326339 0.023505 0.115179
1 0.694716 0.328518 0.023505 0.115179
1 0.788360 0.322661 0.023505 0.115179
1 0.872602 0.325732 0.023505 0.115179
1 0.532571 0.387500 0.030221 0.241071
1 0.393220 0.318750 0.026863 0.119643
1 0.176637 0.352232 0.022162 0.068750
1 0.178316 0.572321 0.020147 0.125000
1 0.135671 0.258036 0.019476 0.076786
1 0.135336 0.444196 0.020147 0.059821
1 0.047695 0.336607 0.023505 0.066071
1 0.044337 0.816964 0.018132 0.071429
