0 0.849906 0.534766 0.025919 0.671094
0 0.819486 0.535047 0.025919 0.671094
0 0.789067 0.532984 0.025919 0.671094
0 0.757469 0.532484 0.025919 0.671094
0 0.728228 0.531984 0.025919 0.671094
0 0.697809 0.531484 0.025919 0.671094
0 0.665622 0.532547 0.025919 0.671094
0 0.635203 0.533609 0.025919 0.671094
0 0.604783 0.533891 0.025919 0.671094
0 0.575542 0.537297 0.025919 0.671094
0 0.575165 0.536797 0.025919 0.671094
0 0.425189 0.537500 0.035344 0.671875
0 0.394769 0.534656 0.035344 0.671875
0 0.364939 0.534156 0.035344 0.671875
0 0.333930 0.532875 0.035344 0.671875
0 0.301744 0.533937 0.035344 0.671875
0 0.273680 0.531094 0.035344 0.671875
0 0.243803 0.506313 0.031904 0.617062
0 0.210862 0.530594 0.035344 0.671875
0 0.178676 0.528531 0.035344 0.671875
0 0.150613 0.528031 0.035344 0.671875
