0 0.946373 0.516304 0.038372 0.894565
0 0.852822 0.521239 0.038372 0.894565
0 0.806259 0.518565 0.038372 0.894565
0 0.754573 0.519652 0.038372 0.894565
0 0.706443 0.519152 0.038372 0.894565
0 0.655181 0.512130 0.038372 0.894565
0 0.606777 0.395489 0.039390 0.655761
0 0.555366 0.517065 0.038372 0.894565
2 0.509397 0.145109 0.039939 0.230435
2 0.516445 0.471739 0.016445 0.118478
2 0.497651 0.460870 0.018012 0.081522
2 0.516445 0.799457 0.014879 0.045652
0 0.465152 0.624457 0.045420 0.684783
0 0.414672 0.621783 0.045420 0.684783
2 0.497290 0.460370 0.018012 0.081522
0 0.364193 0.621283 0.045420 0.684783
0 0.317629 0.620783 0.045420 0.684783
0 0.268716 0.615935 0.045420 0.684783
0 0.215888 0.615435 0.045420 0.684783
0 0.171673 0.619283 0.045420 0.684783
0 0.120411 0.615522 0.045420 0.684783
0 0.069932 0.617196 0.045420 0.684783
0 0.896645 0.108152 0.039155 0.084783
0 0.902127 0.640761 0.040722 0.645652
1 0.911133 0.234239 0.021144 0.158696
0 0.946012 0.515804 0.038372 0.894565
1 0.884147 0.237000 0.021144 0.158696
