0 0.473958 0.014268 0.927083 0.028230
0 0.472222 0.043623 0.916667 0.035389
0 0.480903 0.082796 0.961806 0.046640
0 0.475694 0.129130 0.958333 0.048072
0 0.468750 0.170553 0.944444 0.038867
0 0.449653 0.204817 0.899306 0.043981
0 0.459201 0.249310 0.921875 0.045413
0 0.456597 0.286642 0.913194 0.037026
0 0.481771 0.329089 0.967014 0.050731
0 0.473958 0.373581 0.954861 0.040299
0 0.463542 0.415925 0.934028 0.043981
0 0.457465 0.453462 0.918403 0.037639
0 0.452257 0.493965 0.907986 0.045004
0 0.434896 0.533139 0.852431 0.035389
0 0.513021 0.574460 0.883681 0.045617
0 0.518229 0.618032 0.914931 0.041935
0 0.511285 0.652501 0.914931 0.033957
0 0.509549 0.691572 0.897569 0.044594
0 0.525174 0.729416 0.894097 0.033957
0 0.509549 0.771965 0.883681 0.051140
0 0.528646 0.820548 0.887153 0.048072
0 0.540799 0.864938 0.897569 0.043572
0 0.541667 0.904086 0.906250 0.037179
0 0.511285 0.938273 0.907986 0.031093
0 0.513021 0.972844 0.932292 0.046640
