0 0.579114 0.024673 0.830473 0.048487
0 0.487771 0.072856 0.839734 0.049955
0 0.532629 0.122109 0.923443 0.050697
0 0.528767 0.168290 0.931166 0.044437
0 0.521329 0.211982 0.946042 0.049933
0 0.525370 0.262740 0.937960 0.052826
0 0.523296 0.304954 0.942108 0.033482
0 0.523010 0.344881 0.942680 0.049899
0 0.520203 0.393053 0.917900 0.046762
0 0.519917 0.431869 0.925624 0.041219
0 0.520078 0.463435 0.948545 0.021605
0 0.505042 0.501026 0.941071 0.056520
0 0.506544 0.549067 0.923765 0.041536
0 0.535668 0.594808 0.917364 0.052418
0 0.534935 0.643111 0.909891 0.046968
0 0.535096 0.693261 0.918508 0.055512
0 0.539888 0.745926 0.908925 0.048487
0 0.545323 0.792480 0.898055 0.045548
0 0.543249 0.839888 0.902203 0.049037
0 0.533576 0.886321 0.891154 0.044136
0 0.551616 0.934269 0.885468 0.052139
0 0.518701 0.978204 0.849389 0.043943
