0 0.505171 0.027428 0.703242 0.032085
0 0.495708 0.066615 0.722168 0.034097
0 0.456099 0.104107 0.722168 0.034097
0 0.457857 0.142978 0.722168 0.034097
0 0.482833 0.184177 0.768602 0.037371
0 0.489762 0.219598 0.768602 0.037371
0 0.496691 0.258815 0.768602 0.037371
0 0.513961 0.298721 0.768602 0.037371
0 0.510549 0.337075 0.768602 0.037371
0 0.532990 0.376637 0.768602 0.037371
0 0.545090 0.413784 0.768602 0.037371
0 0.557190 0.453173 0.768602 0.037371
0 0.619344 0.491009 0.768602 0.037371
0 0.574564 0.531088 0.768602 0.037371
0 0.576322 0.566337 0.768602 0.037371
0 0.593645 0.605899 0.768602 0.037371
0 0.579890 0.643908 0.768602 0.037371
0 0.626584 0.681227 0.768602 0.037371
0 0.618052 0.720444 0.768602 0.037371
0 0.624981 0.757590 0.768602 0.037371
0 0.623378 0.795944 0.768602 0.037371
0 0.625239 0.834643 0.768602 0.037371
0 0.665158 0.873418 0.681938 0.037523
0 0.670485 0.911082 0.681938 0.037523
0 0.667072 0.949609 0.681938 0.037523
0 0.658837 0.985506 0.658229 0.029694
