0 0.450707 0.037969 0.862636 0.041936
0 0.502629 0.088445 0.849162 0.054324
0 0.453911 0.135096 0.798718 0.029593
0 0.479132 0.184013 0.849162 0.054324
0 0.503779 0.236858 0.896155 0.045381
0 0.457115 0.281951 0.858035 0.051536
0 0.478804 0.333883 0.858035 0.051536
0 0.471738 0.386099 0.858035 0.051536
0 0.477325 0.435062 0.866908 0.042741
0 0.467631 0.478052 0.869865 0.049224
0 0.523661 0.530936 0.913901 0.053395
0 0.500164 0.582869 0.913901 0.053395
0 0.496057 0.630330 0.903385 0.044452
0 0.530069 0.674045 0.903385 0.044452
0 0.506572 0.719177 0.903385 0.044452
0 0.511830 0.767143 0.903385 0.044452
0 0.537627 0.816525 0.903385 0.044452
0 0.530480 0.867681 0.927867 0.054233
0 0.520621 0.920634 0.903549 0.043693
0 0.531466 0.967114 0.914722 0.050924
