0 0.465024 0.035535 0.858506 0.048144
0 0.517806 0.089143 0.858506 0.048144
0 0.475199 0.141604 0.858506 0.048144
0 0.470747 0.193302 0.858506 0.048144
0 0.453577 0.245764 0.858506 0.048144
0 0.487281 0.293640 0.858506 0.048144
0 0.520986 0.344573 0.858506 0.048144
0 0.529253 0.395507 0.858506 0.048144
0 0.512083 0.450643 0.858506 0.048144
0 0.463116 0.498519 0.858506 0.048144
0 0.452305 0.554420 0.858506 0.048144
0 0.498728 0.606499 0.858506 0.048144
0 0.475199 0.663546 0.858506 0.048144
