0 0.460782 0.048686 0.921564 0.075734
0 0.493102 0.127301 0.921564 0.075734
0 0.486331 0.206417 0.921564 0.075734
0 0.505110 0.281548 0.921564 0.075734
0 0.485565 0.356109 0.921564 0.075734
0 0.459632 0.431239 0.921564 0.075734
0 0.504727 0.504160 0.921564 0.075734
0 0.497956 0.569610 0.921564 0.075734
0 0.523122 0.650434 0.921564 0.075734
0 0.508527 0.723942 0.969788 0.077044
0 0.482786 0.799072 0.969788 0.077044
0 0.483744 0.874270 0.969788 0.077044
0 0.515873 0.946052 0.969788 0.077044
