0 0.447120 0.034368 0.802538 0.035024
0 0.445938 0.062110 0.836008 0.020745
0 0.438534 0.087137 0.832151 0.030626
0 0.421799 0.109260 0.803409 0.015223
0 0.425283 0.126701 0.815105 0.019299
0 0.424101 0.146670 0.823690 0.022438
0 0.454025 0.168231 0.832276 0.026888
0 0.446622 0.189980 0.834640 0.022348
0 0.457882 0.209387 0.855668 0.027734
0 0.447368 0.231791 0.858032 0.019261
0 0.458629 0.251011 0.841732 0.027645
0 0.457447 0.275757 0.831654 0.024978
0 0.454709 0.298535 0.849571 0.028117
0 0.455083 0.321220 0.848824 0.025450
0 0.457011 0.347277 0.788976 0.031023
0 0.469827 0.372490 0.782008 0.025921
0 0.471756 0.396955 0.790594 0.028311
0 0.476795 0.421325 0.780515 0.028641
0 0.484945 0.445321 0.789100 0.025974
0 0.463544 0.467351 0.813239 0.021621
0 0.502800 0.488350 0.821824 0.028319
0 0.503173 0.514969 0.827299 0.027150
0 0.525320 0.533814 0.845216 0.019426
0 0.513251 0.553034 0.844469 0.023314
0 0.513624 0.577499 0.862386 0.028326
0 0.529924 0.603952 0.862386 0.028326
0 0.536892 0.630967 0.862386 0.028326
0 0.558293 0.659132 0.860147 0.030252
0 0.541558 0.688373 0.868732 0.029458
0 0.541931 0.712275 0.880428 0.019861
0 0.546753 0.732709 0.894799 0.025427
0 0.536456 0.755866 0.872714 0.024079
0 0.532164 0.774805 0.837750 0.033773
0 0.551574 0.807065 0.837750 0.033773
0 0.534466 0.837219 0.851810 0.026566
0 0.561279 0.866085 0.847953 0.031016
0 0.563208 0.894951 0.856539 0.035091
0 0.551512 0.925034 0.811497 0.028491
0 0.545664 0.956428 0.841856 0.035001
0 0.538261 0.987200 0.750902 0.026169
