0 0.472816 0.027203 0.945633 0.048250
0 0.489623 0.079817 0.945633 0.048250
0 0.485549 0.128948 0.945633 0.048250
0 0.472307 0.178414 0.945633 0.048250
0 0.489114 0.233650 0.945633 0.048250
0 0.527820 0.281543 0.945633 0.048250
0 0.472816 0.330150 0.945633 0.048250
0 0.489623 0.378568 0.945633 0.048250
0 0.472562 0.426125 0.945633 0.048250
0 0.476636 0.479263 0.945633 0.048250
0 0.466450 0.526632 0.945633 0.048250
0 0.530112 0.574525 0.945633 0.048250
0 0.470525 0.621558 0.945633 0.048250
0 0.487331 0.670500 0.945633 0.048250
0 0.469761 0.717345 0.945633 0.048250
0 0.472307 0.765238 0.945633 0.048250
0 0.514579 0.816803 0.945633 0.048250
0 0.472307 0.862262 0.945633 0.048250
0 0.489114 0.914876 0.945633 0.048250
0 0.527820 0.963293 0.945633 0.048250
