0 0.486241 0.035461 0.816364 0.053962
0 0.491928 0.074484 0.816364 0.053962
0 0.525133 0.119673 0.816364 0.053962
0 0.517703 0.174553 0.826821 0.061008
0 0.505045 0.234389 0.826821 0.061008
0 0.565768 0.292684 0.826821 0.061008
0 0.543937 0.345583 0.826821 0.061008
0 0.533664 0.396755 0.849936 0.074514
0 0.544854 0.456741 0.897633 0.074815
0 0.539351 0.513637 0.893598 0.056599
0 0.519263 0.565911 0.897083 0.067684
0 0.517199 0.615102 0.827830 0.060268
0 0.562741 0.672772 0.773436 0.057478
0 0.564759 0.729436 0.857824 0.063467
0 0.521739 0.791096 0.925518 0.060947
0 0.527426 0.847637 0.914144 0.057439
0 0.522198 0.903581 0.906256 0.058904
0 0.549991 0.963417 0.906256 0.058904
