0 0.515473 0.014486 0.579134 0.028467
0 0.501326 0.047318 0.554377 0.044408
0 0.489832 0.085400 0.554377 0.044408
0 0.513705 0.126012 0.554377 0.044408
0 0.490716 0.168649 0.619805 0.044028
0 0.493811 0.209514 0.640141 0.053391
0 0.513263 0.258666 0.640141 0.053391
0 0.508842 0.305953 0.627763 0.047128
0 0.507515 0.348558 0.603890 0.056174
0 0.526967 0.398975 0.603890 0.056174
0 0.549072 0.444205 0.653404 0.040739
0 0.543324 0.525399 0.638373 0.045989
0 0.516357 0.483458 0.607427 0.039663
0 0.555261 0.568320 0.720601 0.049342
0 0.547303 0.610767 0.665782 0.045420
0 0.599027 0.652265 0.712644 0.038335
0 0.573386 0.694395 0.719717 0.048963
0 0.589744 0.737791 0.713528 0.038082
0 0.579576 0.781345 0.663130 0.047128
0 0.589302 0.827429 0.670203 0.045420
0 0.607869 0.872090 0.686118 0.048456
0 0.622900 0.917131 0.686118 0.048456
0 0.624668 0.961222 0.686118 0.048456
