0 0.423780 0.035950 0.838415 0.034711
0 0.438262 0.070579 0.879573 0.042314
0 0.480183 0.106653 0.878049 0.038760
0 0.485518 0.141860 0.821646 0.042727
0 0.487043 0.180868 0.772866 0.039421
0 0.511433 0.212893 0.800305 0.031240
0 0.478659 0.247273 0.759146 0.037686
0 0.496951 0.287521 0.759146 0.037686
0 0.489329 0.320165 0.814024 0.030744
0 0.467988 0.351446 0.780488 0.036777
0 0.524390 0.386322 0.780488 0.036777
0 0.504573 0.420372 0.780488 0.036777
0 0.537348 0.456653 0.794207 0.037107
0 0.531250 0.493306 0.852134 0.039835
0 0.528963 0.527893 0.841463 0.033471
0 0.534299 0.563719 0.815549 0.041157
0 0.551067 0.596240 0.812500 0.032314
0 0.560213 0.630826 0.839939 0.036694
0 0.531250 0.665826 0.836890 0.035289
0 0.558689 0.698512 0.870427 0.041653
0 0.538110 0.732107 0.838415 0.034959
0 0.554878 0.768760 0.804878 0.040165
0 0.563262 0.804793 0.861280 0.040000
0 0.566311 0.839256 0.855183 0.039174
0 0.552591 0.874545 0.882622 0.036694
0 0.561738 0.910248 0.882622 0.036694
0 0.537348 0.944711 0.882622 0.036694
0 0.558689 0.979174 0.882622 0.036694
