0 0.532468 0.030348 0.623377 0.044679
0 0.539740 0.082032 0.751688 0.050260
0 0.541299 0.136085 0.751688 0.050260
0 0.510390 0.187188 0.751688 0.050260
0 0.537922 0.240398 0.751688 0.050260
0 0.532987 0.290658 0.751688 0.050260
0 0.508571 0.341761 0.751688 0.050260
0 0.497143 0.394128 0.751688 0.050260
0 0.511688 0.441858 0.751688 0.050260
0 0.526234 0.495911 0.751688 0.050260
0 0.514805 0.545750 0.751688 0.050260
0 0.522857 0.596852 0.751688 0.050260
0 0.537403 0.648376 0.751688 0.050260
0 0.525974 0.699901 0.751688 0.050260
0 0.514545 0.751425 0.751688 0.050260
0 0.509610 0.804213 0.751688 0.050260
0 0.504675 0.854051 0.751688 0.050260
0 0.486753 0.905997 0.751688 0.050260
0 0.501299 0.954992 0.751688 0.050260
