0 0.614734 0.025324 0.772947 0.043247
0 0.586957 0.067906 0.772947 0.043247
0 0.583333 0.110903 0.772947 0.043247
0 0.585749 0.151821 0.772947 0.043247
0 0.533816 0.191908 0.772947 0.043247
0 0.530193 0.230747 0.772947 0.043247
0 0.514493 0.274992 0.772947 0.043247
0 0.528986 0.313415 0.772947 0.043247
0 0.531401 0.353501 0.772947 0.043247
0 0.521739 0.396915 0.772947 0.043247
0 0.512077 0.434090 0.772947 0.043247
0 0.472222 0.477919 0.772947 0.043247
0 0.468599 0.517590 0.772947 0.043247
0 0.471014 0.562250 0.772947 0.043247
0 0.437198 0.601921 0.772947 0.043247
0 0.433575 0.642839 0.772947 0.043247
0 0.478261 0.685005 0.772947 0.043247
0 0.450483 0.725091 0.772947 0.043247
0 0.404589 0.766841 0.772947 0.043247
0 0.443237 0.808175 0.772947 0.043247
0 0.384058 0.849509 0.772947 0.043247
0 0.405797 0.892590 0.772947 0.043247
0 0.382850 0.930181 0.772947 0.043247
0 0.382850 0.972014 0.772947 0.043247
