0 0.581788 0.015346 0.816621 0.029652
0 0.586739 0.060261 0.806720 0.051022
0 0.535338 0.112865 0.806720 0.051022
0 0.547135 0.165468 0.806720 0.051022
0 0.527333 0.230037 0.806720 0.051022
0 0.549663 0.287322 0.806720 0.051022
0 0.606120 0.340446 0.806720 0.051022
0 0.428323 0.398252 0.806720 0.051022
0 0.515905 0.462373 0.810828 0.058451
0 0.475037 0.518098 0.810828 0.058451
0 0.434169 0.573823 0.810828 0.058451
0 0.477565 0.627467 0.810828 0.058451
0 0.468296 0.684753 0.810828 0.058451
0 0.480093 0.744639 0.810828 0.058451
0 0.460291 0.804006 0.810828 0.058451
0 0.408890 0.860251 0.810828 0.058451
0 0.395829 0.920533 0.810828 0.058451
0 0.428902 0.974208 0.774173 0.051730
