0 0.496889 0.037185 0.852308 0.061371
0 0.493343 0.098013 0.834515 0.058398
0 0.474244 0.146668 0.810501 0.044268
0 0.470698 0.191773 0.830036 0.051440
0 0.473373 0.243978 0.899341 0.060640
0 0.469827 0.300419 0.906433 0.058327
0 0.457820 0.356936 0.918004 0.056877
0 0.476919 0.404394 0.929576 0.056299
0 0.507590 0.464714 0.893119 0.060427
0 0.476919 0.516920 0.954461 0.042239
0 0.477355 0.564885 0.916262 0.062963
0 0.476919 0.617345 0.892248 0.043254
0 0.492037 0.660167 0.924225 0.049918
0 0.473809 0.705272 0.948239 0.052018
0 0.458224 0.758563 0.917195 0.068177
0 0.469703 0.813629 0.943885 0.052383
0 0.464383 0.864130 0.929762 0.056877
0 0.462579 0.919485 0.929762 0.056877
0 0.491912 0.973978 0.924474 0.052251
