0 0.476049 0.024759 0.862224 0.036518
0 0.484612 0.071132 0.916951 0.057242
0 0.475211 0.129459 0.947728 0.070571
0 0.496812 0.181093 0.994402 0.043855
0 0.498458 0.226527 0.999611 0.059517
0 0.493563 0.277920 0.982875 0.043477
0 0.504700 0.322081 0.972576 0.046449
0 0.498294 0.374794 0.973415 0.059707
0 0.479043 0.441708 0.964014 0.074994
0 0.465810 0.504129 0.858751 0.051592
0 0.489342 0.555320 0.955392 0.057749
0 0.488144 0.612090 0.981738 0.060863
0 0.490599 0.673532 0.981738 0.060863
0 0.486288 0.718672 0.973475 0.033333
0 0.466948 0.762326 0.940303 0.049492
0 0.522544 0.826522 0.924915 0.081374
0 0.480061 0.899015 0.961978 0.075359
0 0.483474 0.962569 0.919226 0.057835
