0 0.545925 0.030012 0.899221 0.047567
0 0.539086 0.079703 0.912899 0.056530
0 0.539656 0.133589 0.912899 0.056530
0 0.547255 0.188970 0.912899 0.056530
0 0.538326 0.246147 0.912899 0.056530
0 0.507314 0.298901 0.916223 0.048285
0 0.472359 0.345906 0.916223 0.048285
0 0.478248 0.397961 0.945859 0.055393
0 0.485087 0.446856 0.932181 0.043762
0 0.468750 0.500724 0.945859 0.055693
0 0.469700 0.557529 0.945859 0.055693
0 0.464428 0.604947 0.935505 0.042302
0 0.459394 0.654142 0.926577 0.048022
0 0.465378 0.702289 0.933606 0.049853
0 0.487984 0.758514 0.983378 0.061257
0 0.479863 0.810551 0.961056 0.048130
0 0.496343 0.864682 0.909669 0.055944
0 0.511683 0.916772 0.967705 0.051157
0 0.504844 0.967675 0.981383 0.060150
