0 0.546032 0.030671 0.894237 0.051361
0 0.527089 0.079503 0.871406 0.043526
0 0.507898 0.119698 0.871406 0.043526
0 0.540109 0.161958 0.871406 0.043526
0 0.563433 0.207150 0.871406 0.043526
0 0.512711 0.246235 0.871406 0.043526
0 0.516136 0.289436 0.856288 0.040289
0 0.527798 0.328257 0.919351 0.044759
0 0.532611 0.370950 0.919351 0.044759
0 0.516938 0.412841 0.952425 0.052592
0 0.519345 0.453495 0.947612 0.044627
0 0.523818 0.498971 0.938665 0.053522
0 0.504628 0.543805 0.977046 0.037814
0 0.509441 0.582977 0.967419 0.040210
0 0.487751 0.626354 0.987104 0.047685
0 0.499167 0.670524 0.975626 0.042065
0 0.498735 0.716089 0.940454 0.048674
0 0.479884 0.760062 0.965815 0.040684
0 0.492904 0.800348 0.989140 0.045064
0 0.493583 0.842440 0.987782 0.043060
0 0.507281 0.886088 0.987782 0.043060
0 0.480532 0.932452 0.964519 0.052932
0 0.481211 0.977954 0.950821 0.044179
