0 0.511795 0.024215 0.920028 0.041619
0 0.499056 0.067112 0.920028 0.041619
0 0.483329 0.111001 0.945506 0.041906
0 0.496068 0.154368 0.945506 0.041906
0 0.506035 0.197160 0.943737 0.044721
0 0.516887 0.242328 0.943737 0.044721
0 0.519875 0.287117 0.943737 0.044721
0 0.475682 0.329637 0.943737 0.044721
0 0.471200 0.373004 0.943737 0.044721
0 0.532614 0.415992 0.943737 0.044721
0 0.495931 0.459346 0.995400 0.047903
0 0.500216 0.499300 0.986829 0.040321
0 0.504698 0.542644 0.977864 0.045573
0 0.508434 0.584203 0.970394 0.042137
0 0.513859 0.628150 0.959542 0.048021
0 0.509122 0.672928 0.925375 0.046485
0 0.541283 0.713934 0.925375 0.046485
0 0.536467 0.753646 0.914327 0.044653
0 0.535661 0.799325 0.888024 0.052485
0 0.537155 0.839502 0.885036 0.047801
0 0.541244 0.881382 0.845404 0.041982
0 0.491625 0.920992 0.866006 0.046757
0 0.497051 0.969115 0.918062 0.058720
