0 0.486264 0.023744 0.917582 0.045037
0 0.497253 0.068934 0.994505 0.050858
0 0.491758 0.114124 0.972527 0.042586
0 0.510989 0.158854 0.967033 0.049939
0 0.513736 0.200061 0.961538 0.044118
0 0.516484 0.243107 0.956044 0.054841
0 0.497253 0.285846 0.994505 0.038603
0 0.494505 0.326134 0.989011 0.054228
0 0.502747 0.374081 0.983516 0.045956
0 0.502747 0.419424 0.972527 0.049632
0 0.494505 0.465993 0.989011 0.045956
0 0.500000 0.511183 0.978022 0.050551
0 0.494505 0.556985 0.989011 0.041667
0 0.497253 0.601409 0.994505 0.048407
0 0.505495 0.643076 0.989011 0.033701
0 0.497253 0.725797 0.994505 0.044118
0 0.497253 0.680913 0.994505 0.041360
0 0.500000 0.769608 0.989011 0.049020
0 0.502747 0.815411 0.983516 0.044424
0 0.489011 0.864890 0.978022 0.054534
0 0.510989 0.918811 0.978022 0.054534
0 0.505495 0.969516 0.967033 0.048100
