0 0.514611 0.034491 0.847458 0.055697
0 0.521259 0.087587 0.921829 0.060898
0 0.540912 0.147279 0.921829 0.060898
0 0.517680 0.202373 0.921829 0.060898
0 0.541277 0.253890 0.921829 0.060898
0 0.481517 0.311027 0.921829 0.060898
0 0.543103 0.366632 0.921829 0.060898
0 0.540473 0.420193 0.921829 0.060898
0 0.536967 0.475601 0.917446 0.058226
0 0.532656 0.529389 0.926067 0.059703
0 0.514283 0.585395 0.877338 0.053791
0 0.531889 0.638421 0.885959 0.056811
0 0.537880 0.696581 0.885959 0.056811
0 0.507342 0.745032 0.885959 0.056811
0 0.508000 0.802563 0.933738 0.062707
0 0.489078 0.858214 0.898524 0.062799
0 0.495726 0.912331 0.870617 0.050628
0 0.473152 0.967216 0.857320 0.058384
