0 0.433325 0.033864 0.717551 0.050999
0 0.429896 0.081069 0.717551 0.050999
0 0.432817 0.127433 0.717551 0.050999
0 0.454788 0.176880 0.717551 0.050999
0 0.457709 0.223244 0.717551 0.050999
0 0.460630 0.269888 0.717551 0.050999
0 0.438151 0.318214 0.717551 0.050999
0 0.447422 0.365419 0.717551 0.050999
0 0.473584 0.411408 0.725933 0.041102
0 0.487744 0.458313 0.748412 0.044986
0 0.516066 0.505798 0.748412 0.044986
0 0.569787 0.550761 0.748412 0.044986
0 0.560008 0.597966 0.748412 0.044986
0 0.556579 0.643489 0.748412 0.044986
0 0.527750 0.691815 0.748412 0.044986
0 0.505271 0.739020 0.748412 0.044986
0 0.546292 0.782862 0.748412 0.044986
0 0.561913 0.831468 0.748412 0.044986
0 0.596584 0.877272 0.748412 0.044986
0 0.555055 0.925598 0.748412 0.044986
0 0.564326 0.970841 0.748412 0.044986
