0 0.609512 0.026972 0.750939 0.036338
0 0.563308 0.067779 0.770338 0.042746
0 0.579683 0.107118 0.768878 0.037830
0 0.544639 0.151445 0.768878 0.037830
0 0.551314 0.194191 0.768878 0.037830
0 0.552774 0.234409 0.768878 0.037830
0 0.533375 0.272416 0.768878 0.037830
0 0.529620 0.316426 0.768878 0.037830
0 0.525866 0.355381 0.768878 0.037830
0 0.496037 0.398759 0.768878 0.037830
0 0.513141 0.441821 0.768878 0.037830
0 0.514602 0.484883 0.768878 0.037830
0 0.547351 0.520678 0.768878 0.037830
0 0.501877 0.564688 0.768878 0.037830
0 0.477263 0.606487 0.768878 0.037830
0 0.489153 0.645441 0.768878 0.037830
0 0.469754 0.688503 0.768878 0.037830
0 0.473300 0.730270 0.773050 0.045350
0 0.445348 0.772814 0.755945 0.033570
0 0.469545 0.813778 0.728411 0.040749
0 0.423342 0.853478 0.726950 0.032761
0 0.437109 0.897128 0.772424 0.038360
0 0.417710 0.939243 0.772424 0.038360
0 0.419170 0.979461 0.772424 0.038360
