0 0.595550 0.034241 0.641551 0.034061
0 0.591387 0.073618 0.759077 0.040100
0 0.617185 0.116398 0.759077 0.040100
0 0.567909 0.158794 0.759077 0.040100
0 0.498157 0.195450 0.759077 0.040100
0 0.510306 0.237464 0.759077 0.040100
0 0.583879 0.280626 0.759077 0.040100
0 0.520953 0.322640 0.759077 0.040100
0 0.464851 0.363124 0.759077 0.040100
0 0.442875 0.401693 0.759077 0.040100
0 0.502798 0.440645 0.759077 0.040100
0 0.501297 0.482659 0.759077 0.040100
0 0.465670 0.528118 0.759077 0.040100
0 0.525594 0.565922 0.759077 0.040100
0 0.496792 0.604491 0.759077 0.040100
0 0.413391 0.646505 0.759077 0.040100
0 0.405064 0.686989 0.759077 0.040100
0 0.410388 0.728620 0.759077 0.040100
0 0.456661 0.770251 0.759077 0.040100
0 0.386910 0.813031 0.759077 0.040100
0 0.456661 0.850620 0.759077 0.040100
0 0.434685 0.895696 0.759077 0.040100
0 0.372509 0.933117 0.759077 0.040100
0 0.374761 0.974152 0.759077 0.040100
