0 0.507454 0.027318 0.949115 0.043396
0 0.494633 0.069284 0.949115 0.043396
0 0.476844 0.111874 0.949115 0.043396
0 0.529418 0.152329 0.949115 0.043396
0 0.473713 0.193383 0.956967 0.041573
0 0.511379 0.232902 0.956967 0.041573
0 0.484049 0.271277 0.976048 0.041885
0 0.501839 0.312981 0.976048 0.041885
0 0.499925 0.354479 0.944295 0.041573
0 0.524150 0.393568 0.938879 0.043312
0 0.516920 0.434689 0.950060 0.039125
0 0.490633 0.475185 0.923127 0.043677
0 0.497689 0.515902 0.923127 0.043677
0 0.509715 0.556619 0.923127 0.043677
0 0.496248 0.598232 0.901958 0.041098
0 0.498335 0.636452 0.901958 0.041098
0 0.500000 0.720001 0.898634 0.024089
0 0.508567 0.760248 0.905464 0.038339
0 0.447819 0.798587 0.905464 0.038339
0 0.496585 0.843269 0.917445 0.039521
0 0.459112 0.883328 0.920501 0.040703
0 0.495896 0.925537 0.920501 0.040703
0 0.477504 0.967263 0.955607 0.044467
