0 0.550108 0.027202 0.508788 0.023316
0 0.547179 0.052649 0.508788 0.023316
0 0.544249 0.079234 0.508788 0.023316
0 0.533611 0.107903 0.508788 0.023316
0 0.530681 0.129369 0.508788 0.023316
0 0.539315 0.182493 0.508788 0.023316
0 0.517114 0.209456 0.508788 0.023316
0 0.525748 0.233955 0.508788 0.023316
0 0.511255 0.260919 0.508788 0.023316
0 0.492599 0.290047 0.500463 0.027646
0 0.529679 0.315945 0.511101 0.024378
0 0.516651 0.343455 0.591119 0.025849
0 0.506013 0.370797 0.591119 0.025849
0 0.503084 0.397382 0.591119 0.025849
0 0.480882 0.421691 0.591119 0.025849
0 0.479957 0.448469 0.602837 0.027752
0 0.504009 0.478466 0.602837 0.027752
0 0.512643 0.508652 0.602837 0.027752
0 0.478878 0.536753 0.602837 0.027752
0 0.472094 0.564474 0.602837 0.027752
0 0.446038 0.593333 0.602837 0.027752
0 0.446963 0.620107 0.602837 0.027752
0 0.420907 0.646123 0.602837 0.027752
0 0.432470 0.619395 0.602837 0.027752
0 0.429541 0.671760 0.602837 0.027752
0 0.422757 0.698344 0.602837 0.027752
0 0.415973 0.725876 0.602837 0.027752
0 0.415665 0.750599 0.631206 0.022892
0 0.414200 0.776782 0.626426 0.025500
0 0.361163 0.802418 0.626426 0.025500
0 0.404487 0.827486 0.626426 0.025500
0 0.382285 0.854449 0.626426 0.025500
0 0.348520 0.882361 0.626426 0.025500
0 0.374113 0.933569 0.644928 0.028116
0 0.353299 0.907997 0.626426 0.025500
0 0.348057 0.962808 0.644928 0.028116
0 0.328785 0.988820 0.612242 0.022861
