0 0.525986 0.034941 0.836286 0.058673
0 0.494330 0.094103 0.836286 0.058673
0 0.476849 0.149880 0.836286 0.058673
0 0.468816 0.209042 0.836286 0.058673
0 0.465037 0.271363 0.854240 0.063487
0 0.471179 0.336543 0.854240 0.063487
0 0.467871 0.400970 0.854240 0.063487
0 0.483463 0.465774 0.854240 0.063487
0 0.499055 0.527193 0.854240 0.063487
0 0.495748 0.590116 0.854240 0.063487
0 0.528349 0.649504 0.850461 0.060178
0 0.572289 0.710546 0.850461 0.060178
0 0.564257 0.771965 0.850461 0.060178
0 0.576305 0.833007 0.850461 0.060178
0 0.575124 0.894802 0.850461 0.060178
0 0.576541 0.956221 0.850461 0.060178
