0 0.552535 0.043879 0.823045 0.056634
0 0.518037 0.098180 0.823045 0.056634
0 0.480825 0.157017 0.852640 0.062317
0 0.472594 0.224205 0.852640 0.062317
0 0.483539 0.279821 0.943525 0.045280
0 0.461912 0.337492 0.899221 0.071012
0 0.484064 0.406694 0.819893 0.062155
0 0.479949 0.472334 0.828124 0.058383
0 0.469267 0.529667 0.858244 0.061056
0 0.465152 0.586660 0.875230 0.056267
0 0.491945 0.641638 0.875230 0.056267
0 0.542291 0.711328 0.843534 0.065342
0 0.527231 0.774086 0.847386 0.051058
0 0.545005 0.835997 0.829349 0.066278
0 0.576504 0.900713 0.838762 0.064050
0 0.581932 0.968239 0.838762 0.064050
