0 0.549128 0.030993 0.805699 0.052180
0 0.511545 0.088652 0.821911 0.054728
0 0.493613 0.137103 0.887251 0.050523
0 0.491955 0.189886 0.985139 0.048842
0 0.510133 0.237554 0.985139 0.048842
0 0.476173 0.294211 0.961435 0.061665
0 0.500553 0.348881 0.987595 0.054797
0 0.486121 0.398356 0.982314 0.046747
0 0.485630 0.446285 0.981823 0.049111
0 0.496377 0.501055 0.995947 0.054720
0 0.506694 0.557317 0.995947 0.054720
0 0.497851 0.608976 0.995947 0.054720
0 0.504237 0.655416 0.995947 0.054720
0 0.500798 0.712292 0.995947 0.054720
0 0.502027 0.766406 0.995947 0.054720
0 0.506939 0.822668 0.995947 0.054720
0 0.499693 0.871725 0.989315 0.048290
0 0.504483 0.922915 0.979735 0.055334
0 0.504667 0.976630 0.963400 0.044100
