0 0.492774 0.032366 0.900858 0.062052
0 0.499663 0.084569 0.915984 0.047277
0 0.477647 0.141771 0.902206 0.059046
0 0.519992 0.199546 0.949706 0.045762
0 0.501060 0.255313 0.932460 0.051903
0 0.495568 0.306975 0.932460 0.051903
0 0.465989 0.357948 0.932460 0.051903
0 0.466663 0.412465 0.932460 0.051903
0 0.476973 0.473186 0.932460 0.051903
0 0.462183 0.526917 0.932460 0.051903
0 0.534782 0.583157 0.932460 0.051903
0 0.537913 0.694459 0.932460 0.051903
0 0.493882 0.749568 0.932460 0.051903
0 0.464640 0.798817 0.932460 0.051903
0 0.474949 0.856436 0.932460 0.051903
0 0.470806 0.915435 0.932460 0.051903
0 0.510020 0.970641 0.932460 0.051903
