0 0.463974 0.036134 0.710218 0.059283
0 0.411274 0.097291 0.710218 0.059283
0 0.435291 0.153186 0.712688 0.051175
0 0.462122 0.203243 0.755095 0.049097
0 0.473513 0.257817 0.855829 0.060570
0 0.505490 0.316123 0.826185 0.056561
0 0.491148 0.368156 0.806835 0.047347
0 0.523125 0.418495 0.893845 0.055071
0 0.543093 0.475892 0.874494 0.062230
0 0.520174 0.531454 0.879160 0.061202
0 0.543574 0.584051 0.873533 0.051988
0 0.553249 0.638766 0.874768 0.059994
0 0.560437 0.694167 0.871029 0.060338
0 0.562839 0.747984 0.866225 0.052999
0 0.558790 0.801426 0.874322 0.053377
0 0.562084 0.857059 0.867735 0.058701
0 0.564348 0.916014 0.863206 0.059378
0 0.568260 0.969777 0.855383 0.052146
