0 0.436558 0.035370 0.832672 0.053450
0 0.453212 0.090656 0.854877 0.065235
0 0.442109 0.142721 0.861221 0.055768
0 0.434179 0.200905 0.877082 0.061113
0 0.440523 0.257768 0.877082 0.061113
0 0.452220 0.313311 0.912371 0.053965
0 0.458961 0.362994 0.922680 0.049264
0 0.469667 0.415736 0.948850 0.059697
0 0.480769 0.473307 0.958366 0.058538
0 0.495638 0.520535 0.998414 0.048926
0 0.481562 0.576215 0.972641 0.062015
0 0.513085 0.633521 0.963521 0.059037
0 0.517843 0.688726 0.954005 0.061645
0 0.515067 0.743552 0.937351 0.056412
0 0.530928 0.796431 0.927835 0.050504
0 0.521015 0.852191 0.893735 0.069034
0 0.507930 0.907799 0.840603 0.042181
0 0.577716 0.958697 0.834259 0.060003
