0 0.430323 0.025737 0.808250 0.049938
0 0.495308 0.085096 0.998514 0.066213
0 0.495355 0.147446 0.984764 0.065426
0 0.498467 0.211854 0.969249 0.066448
0 0.486854 0.261535 0.973894 0.047756
0 0.492289 0.316531 0.981605 0.072210
0 0.477611 0.374601 0.964511 0.051336
0 0.498072 0.436351 0.992986 0.069321
0 0.498026 0.494582 0.979422 0.050306
0 0.496052 0.541594 0.998606 0.064938
0 0.498769 0.607840 0.987226 0.066563
0 0.509639 0.672506 0.987226 0.066563
0 0.504808 0.731401 0.979515 0.061692
0 0.509406 0.789106 0.970318 0.066732
0 0.514400 0.845001 0.960331 0.051251
0 0.518604 0.901394 0.951923 0.060582
0 0.524735 0.960805 0.951923 0.060582
