0 0.547619 0.031479 0.730159 0.035277
0 0.528571 0.066757 0.882540 0.034247
0 0.494444 0.103805 0.992063 0.035213
0 0.507143 0.136507 0.992063 0.035213
0 0.510317 0.170754 0.992063 0.035213
0 0.503968 0.206547 0.992063 0.035213
0 0.510317 0.243112 0.992063 0.035213
0 0.491270 0.274527 0.992063 0.035213
0 0.510317 0.309804 0.992063 0.035213
0 0.497619 0.346112 0.992063 0.035213
0 0.507143 0.378814 0.992063 0.035213
0 0.503968 0.414349 0.992063 0.035213
0 0.502381 0.448468 0.976190 0.029291
0 0.509524 0.480044 0.958730 0.032702
0 0.471429 0.518282 0.958730 0.039655
0 0.455556 0.553689 0.926984 0.031157
0 0.480952 0.589095 0.977778 0.037080
0 0.496825 0.622441 0.958730 0.031672
0 0.471429 0.654371 0.958730 0.031672
0 0.528571 0.690936 0.958730 0.031672
0 0.465079 0.729303 0.882540 0.041457
0 0.452381 0.767671 0.920635 0.031672
0 0.455556 0.801918 0.920635 0.031672
0 0.493651 0.834106 0.920635 0.031672
0 0.449206 0.866293 0.901587 0.035277
0 0.442857 0.903888 0.901587 0.035277
0 0.420635 0.937234 0.857143 0.031930
0 0.426984 0.973799 0.806349 0.036565
