0 0.450836 0.031400 0.835792 0.044420
0 0.446903 0.076494 0.835792 0.044420
0 0.447886 0.124652 0.835792 0.044420
0 0.493117 0.170358 0.835792 0.044420
0 0.528515 0.216677 0.835792 0.044420
0 0.502458 0.262997 0.870206 0.046258
0 0.517699 0.308060 0.879056 0.038844
0 0.537856 0.349600 0.897738 0.044604
0 0.525074 0.399718 0.844641 0.051588
0 0.542773 0.449070 0.887906 0.046626
0 0.533432 0.496125 0.896755 0.045645
0 0.541298 0.541648 0.890855 0.045890
0 0.558505 0.589192 0.890855 0.045890
0 0.556047 0.635205 0.890855 0.045890
0 0.547443 0.684404 0.886431 0.051037
0 0.557276 0.734706 0.886431 0.051037
0 0.526303 0.781362 0.842183 0.046809
0 0.522370 0.827375 0.842183 0.046809
0 0.507620 0.877156 0.820551 0.048219
0 0.498279 0.921606 0.849066 0.043256
0 0.518437 0.967895 0.877581 0.048096
