0 0.455191 0.045520 0.806555 0.048735
0 0.494463 0.091901 0.996863 0.047397
0 0.500000 0.137799 0.990654 0.046665
0 0.509154 0.181418 0.990654 0.046665
0 0.504993 0.226957 0.990654 0.046665
0 0.508066 0.275518 0.990654 0.046665
0 0.505633 0.320679 0.990654 0.046665
0 0.496927 0.365058 0.991934 0.051145
0 0.503073 0.412491 0.984509 0.039883
0 0.512034 0.453118 0.984509 0.039883
0 0.495103 0.501541 0.995583 0.052452
0 0.486461 0.554054 0.974459 0.052452
0 0.497536 0.599853 0.965113 0.046234
0 0.513795 0.643503 0.965113 0.046234
0 0.475387 0.692427 0.932595 0.046959
0 0.535559 0.741335 0.932595 0.046959
0 0.533959 0.785741 0.932595 0.046959
0 0.537415 0.829768 0.932595 0.046959
0 0.528069 0.874551 0.932595 0.046959
0 0.533030 0.922345 0.924594 0.049959
0 0.535527 0.971063 0.919601 0.045739
